,time(ms),x_G,y_G,z_G
0,0.0,-0.046875,-0.03125,0.9921875
1,0.625,-0.03125,-0.03125,1.0
2,1.25,-0.0390625,-0.03125,1.0
3,1.875,-0.03125,-0.0390625,1.0
4,2.5,-0.046875,-0.0390625,1.0
5,3.125,-0.0234375,-0.0390625,1.0078125
6,3.75,-0.03125,-0.0234375,1.0
7,4.375,-0.03125,-0.03125,1.0
8,5.0,-0.0390625,-0.03125,0.9921875
9,5.625,-0.03125,-0.0234375,1.0
10,6.25,-0.0390625,-0.0390625,1.0
11,6.875,-0.046875,-0.0234375,1.0
12,7.5,-0.0390625,-0.0390625,1.0
13,8.125,-0.046875,-0.0390625,1.0
14,8.75,-0.046875,-0.015625,1.0078125
15,9.375,-0.03125,-0.0390625,0.9921875
16,10.0,-0.0546875,-0.015625,1.0
17,10.625,-0.0390625,-0.046875,1.0
18,11.25,-0.0390625,-0.046875,0.9921875
19,11.875,-0.0625,-0.0390625,0.984375
20,12.5,-0.03125,-0.03125,1.0
21,13.125,-0.0546875,-0.015625,0.9765625
22,13.75,-0.046875,-0.0234375,1.0
23,14.375,-0.03125,-0.03125,0.9765625
24,15.0,-0.046875,-0.0234375,1.0
25,15.625,-0.0546875,-0.0234375,1.0078125
26,16.25,-0.03125,-0.0234375,1.0
27,16.875,-0.0390625,-0.0390625,0.9765625
28,17.5,-0.046875,-0.03125,1.0
29,18.125,-0.03125,-0.015625,0.96875
30,18.75,-0.015625,-0.0390625,1.0
31,19.375,-0.03125,-0.0546875,1.0
32,20.0,-0.03125,-0.0390625,0.984375
33,20.625,-0.0546875,-0.0390625,0.9765625
34,21.25,-0.0546875,-0.0234375,1.0
35,21.875,-0.0625,-0.015625,0.9921875
36,22.5,-0.046875,-0.015625,1.0
37,23.125,-0.046875,-0.0234375,1.0
38,23.75,-0.0390625,-0.0390625,1.0
39,24.375,-0.0390625,-0.046875,0.9921875
40,25.0,-0.046875,-0.03125,1.0
41,25.625,-0.0546875,-0.03125,1.0
42,26.25,-0.0390625,-0.0234375,1.0234375
43,26.875,-0.046875,-0.03125,1.0078125
44,27.5,-0.046875,-0.0234375,1.0
45,28.125,-0.0390625,-0.0390625,0.984375
46,28.75,-0.0390625,-0.0390625,1.0
47,29.375,-0.0390625,-0.03125,0.9765625
48,30.0,-0.0390625,-0.0390625,1.0
49,30.625,-0.0390625,-0.0390625,1.0
50,31.25,-0.046875,-0.0390625,1.0
51,31.875,-0.0390625,-0.03125,0.9921875
52,32.5,-0.046875,-0.0234375,1.0
53,33.125,-0.0546875,-0.03125,0.9765625
54,33.75,-0.046875,-0.046875,1.0
55,34.375,-0.015625,-0.046875,1.0
56,35.0,-0.0390625,-0.03125,1.0
57,35.625,-0.03125,-0.0390625,1.0078125
58,36.25,-0.0390625,0.0,1.0
59,36.875,-0.0390625,-0.046875,1.0
60,37.5,-0.03125,-0.0546875,1.0
61,38.125,-0.046875,-0.0390625,0.9765625
62,38.75,-0.0390625,-0.0625,0.9921875
63,39.375,-0.0390625,-0.03125,0.9921875
64,40.0,-0.03125,-0.046875,0.9765625
65,40.625,-0.03125,-0.0390625,0.9921875
66,41.25,-0.046875,-0.03125,0.9921875
67,41.875,-0.03125,-0.0390625,0.984375
68,42.5,-0.046875,-0.0390625,0.9921875
69,43.125,-0.046875,-0.0234375,0.9921875
70,43.75,-0.015625,-0.046875,0.984375
71,44.375,0.0,-0.046875,0.9921875
72,45.0,-0.0390625,-0.03125,1.0078125
73,45.625,-0.03125,-0.0546875,0.9921875
74,46.25,-0.0390625,-0.0390625,0.9921875
75,46.875,-0.0234375,-0.0390625,1.0078125
76,47.5,-0.0546875,-0.03125,1.0
77,48.125,-0.03125,-0.03125,1.0
78,48.75,-0.0390625,-0.015625,1.0
79,49.375,-0.0390625,0.0,1.0
80,50.0,-0.0390625,-0.03125,1.0
81,50.625,-0.015625,-0.0625,0.984375
82,51.25,-0.0234375,-0.03125,1.0
83,51.875,-0.015625,-0.046875,1.0
84,52.5,0.0,-0.0390625,0.984375
85,53.125,-0.0234375,-0.0234375,1.0078125
86,53.75,-0.03125,-0.03125,1.0
87,54.375,0.0,-0.0390625,1.0
88,55.0,-0.0234375,-0.0390625,1.0
89,55.625,0.0,-0.0703125,1.0
90,56.25,-0.015625,-0.0390625,1.0
91,56.875,0.0,-0.046875,0.984375
92,57.5,-0.0390625,-0.015625,1.0
93,58.125,-0.015625,-0.03125,0.984375
94,58.75,0.0,-0.0234375,0.9921875
95,59.375,-0.015625,-0.03125,1.0
96,60.0,0.0,-0.046875,0.9765625
97,60.625,-0.015625,-0.015625,1.0
98,61.25,-0.03125,-0.046875,1.0
99,61.875,-0.015625,-0.0390625,0.984375
100,62.5,-0.0390625,-0.015625,1.0078125
101,63.125,-0.03125,-0.03125,1.0
102,63.75,-0.015625,0.0,1.0
103,64.375,-0.015625,-0.03125,0.984375
104,65.0,-0.0390625,-0.03125,1.0
105,65.625,-0.015625,-0.046875,1.0
106,66.25,-0.015625,-0.046875,1.0
107,66.875,-0.015625,-0.0234375,1.015625
108,67.5,0.0,-0.03125,1.0078125
109,68.125,-0.015625,-0.0390625,0.9921875
110,68.75,-0.015625,-0.03125,1.0
111,69.375,-0.015625,-0.0390625,1.0
112,70.0,0.0,-0.0390625,0.9921875
113,70.625,-0.015625,-0.0546875,0.9921875
114,71.25,0.0,-0.0390625,1.0078125
115,71.875,-0.0234375,-0.03125,0.9921875
116,72.5,0.0,-0.046875,1.0
117,73.125,-0.03125,-0.0390625,1.0
118,73.75,-0.0234375,-0.046875,1.0
119,74.375,0.0,-0.0546875,0.96875
120,75.0,0.0,-0.046875,1.0
121,75.625,0.0,-0.046875,0.9921875
122,76.25,0.0,-0.03125,1.0
123,76.875,-0.015625,-0.046875,1.015625
124,77.5,-0.0234375,-0.0390625,1.0
125,78.125,-0.0234375,-0.0546875,1.0
126,78.75,-0.015625,-0.0390625,1.0
127,79.375,-0.0234375,-0.0234375,1.015625
128,80.0,-0.0234375,-0.0390625,0.984375
129,80.625,0.0,-0.0234375,0.9921875
130,81.25,0.0,-0.03125,1.0
131,81.875,-0.015625,-0.015625,1.0
132,82.5,-0.0234375,-0.03125,1.0078125
133,83.125,0.0,-0.0390625,1.0
134,83.75,-0.015625,-0.0625,1.0
135,84.375,-0.015625,-0.0625,0.9921875
136,85.0,0.0,-0.0390625,1.0
137,85.625,-0.03125,0.0,1.0
138,86.25,-0.03125,-0.03125,1.0
139,86.875,0.0,-0.0390625,0.9921875
140,87.5,0.0,-0.0234375,1.0078125
141,88.125,0.0,-0.03125,1.0
142,88.75,-0.0234375,-0.015625,0.9921875
143,89.375,0.0,-0.0390625,0.984375
144,90.0,-0.0234375,-0.03125,1.0
145,90.625,0.0,-0.0390625,0.9921875
146,91.25,0.0,-0.015625,1.0
147,91.875,-0.03125,0.0,1.0
148,92.5,-0.015625,-0.03125,1.0078125
149,93.125,-0.03125,-0.015625,1.0
150,93.75,-0.0234375,-0.03125,1.0
151,94.375,0.0,-0.0390625,1.0
152,95.0,-0.0234375,-0.03125,1.0
153,95.625,-0.0234375,-0.046875,0.984375
154,96.25,0.0,-0.046875,1.0
155,96.875,0.0,-0.0390625,1.0
156,97.5,-0.015625,-0.0390625,1.0078125
157,98.125,0.0,-0.046875,1.0
158,98.75,0.0,-0.0390625,1.015625
159,99.375,-0.0234375,-0.03125,1.0078125
160,100.0,-0.015625,-0.0390625,1.0
161,100.625,-0.015625,-0.03125,0.984375
162,101.25,0.0,-0.0234375,1.0078125
163,101.875,-0.0390625,0.0,1.0
164,102.5,-0.0390625,0.0,1.0
165,103.125,-0.015625,-0.03125,1.0
166,103.75,-0.015625,-0.046875,1.0
167,104.375,0.0,-0.0390625,0.9921875
168,105.0,0.0,-0.015625,1.0078125
169,105.625,0.0,-0.0390625,1.0078125
170,106.25,-0.03125,-0.015625,1.0234375
171,106.875,-0.0234375,-0.0234375,1.0
172,107.5,-0.015625,-0.0390625,1.0
173,108.125,0.0,-0.0390625,0.9921875
174,108.75,-0.03125,-0.015625,0.984375
175,109.375,-0.03125,0.0,0.9765625
176,110.0,-0.03125,-0.0390625,0.9765625
177,110.625,-0.03125,-0.015625,1.0
178,111.25,-0.0234375,-0.03125,1.0
179,111.875,-0.0390625,0.0,1.0078125
180,112.5,-0.0390625,-0.015625,0.9765625
181,113.125,-0.0234375,-0.03125,1.0
182,113.75,0.0,-0.03125,1.0
183,114.375,-0.03125,-0.015625,1.0078125
184,115.0,-0.03125,-0.03125,1.0
185,115.625,-0.0234375,-0.03125,1.0
186,116.25,-0.0234375,0.0,0.984375
187,116.875,-0.0234375,0.0,1.0
188,117.5,0.0,-0.03125,1.0
189,118.125,-0.03125,-0.015625,0.984375
190,118.75,0.0,-0.0234375,1.0078125
191,119.375,0.0,-0.046875,0.9921875
192,120.0,-0.0390625,0.0078125,0.984375
193,120.625,-0.046875,0.0,1.0
194,121.25,-0.03125,0.0,1.0
195,121.875,-0.03125,0.0,1.0
196,122.5,-0.0234375,-0.0234375,1.0078125
197,123.125,-0.0390625,-0.0234375,0.984375
198,123.75,-0.015625,-0.015625,1.0
199,124.375,0.0,-0.0546875,0.984375
200,125.0,-0.03125,-0.046875,1.015625
201,125.625,-0.0234375,-0.015625,1.0078125
202,126.25,-0.015625,-0.03125,1.0234375
203,126.875,-0.03125,-0.015625,1.0
204,127.5,-0.0234375,-0.03125,0.9921875
205,128.125,-0.0234375,0.0,0.984375
206,128.75,-0.0234375,-0.03125,0.9609375
207,129.375,-0.03125,-0.0234375,0.9765625
208,130.0,-0.0390625,-0.0234375,0.9921875
209,130.625,-0.03125,-0.015625,0.96875
210,131.25,-0.0234375,-0.03125,0.984375
211,131.875,-0.046875,0.0,1.0
212,132.5,-0.03125,-0.015625,0.9921875
213,133.125,-0.0234375,-0.0234375,1.0
214,133.75,-0.0234375,-0.015625,1.0
215,134.375,0.0,-0.03125,0.984375
216,135.0,-0.0390625,-0.0234375,1.0
217,135.625,-0.03125,-0.0234375,1.0
218,136.25,-0.046875,-0.015625,1.0
219,136.875,0.0,-0.015625,1.0
220,137.5,-0.0234375,0.0,1.0
221,138.125,0.0,-0.0390625,1.0
222,138.75,-0.015625,-0.0234375,1.0
223,139.375,-0.0390625,0.0,1.0
224,140.0,-0.0390625,0.0,1.0
225,140.625,-0.0625,0.0078125,0.984375
226,141.25,-0.03125,0.0,1.0
227,141.875,-0.03125,-0.0390625,1.0
228,142.5,-0.03125,-0.046875,1.0
229,143.125,-0.03125,-0.03125,1.0
230,143.75,-0.0234375,0.0,0.9921875
231,144.375,-0.03125,-0.0234375,1.0
232,145.0,0.0,-0.015625,1.0078125
233,145.625,-0.0390625,-0.015625,1.03125
234,146.25,-0.015625,-0.0234375,1.0
235,146.875,-0.03125,0.0,0.984375
236,147.5,-0.03125,0.0,0.96875
237,148.125,-0.015625,0.0,0.984375
238,148.75,-0.015625,-0.015625,0.9921875
239,149.375,-0.015625,-0.03125,1.0
240,150.0,-0.015625,0.0,0.9921875
241,150.625,-0.03125,0.0,1.0
242,151.25,-0.0390625,0.0,1.0
243,151.875,0.0,-0.0390625,1.0078125
244,152.5,-0.0234375,-0.015625,1.0
245,153.125,-0.0234375,-0.015625,1.0
246,153.75,-0.0234375,0.0,0.9765625
247,154.375,-0.0390625,0.0,1.0
248,155.0,-0.0234375,0.0,0.9921875
249,155.625,-0.0234375,-0.015625,0.9921875
250,156.25,-0.03125,0.0,1.0
251,156.875,-0.015625,0.0,0.9921875
252,157.5,-0.0234375,-0.03125,1.0
253,158.125,0.0,0.0,1.0078125
254,158.75,-0.0234375,-0.03125,1.0
255,159.375,0.0,0.0,0.984375
256,160.0,-0.0546875,0.0,1.0
257,160.625,-0.0625,0.015625,0.9921875
258,161.25,-0.03125,0.0,1.0
259,161.875,-0.03125,-0.046875,1.0
260,162.5,-0.0234375,-0.0546875,0.9921875
261,163.125,-0.0390625,-0.0390625,1.0
262,163.75,-0.0234375,0.0,1.0
263,164.375,-0.03125,-0.0234375,1.015625
264,165.0,-0.03125,-0.015625,1.0078125
265,165.625,-0.03125,-0.015625,1.03125
266,166.25,-0.03125,0.0,1.0
267,166.875,-0.03125,-0.0234375,0.96875
268,167.5,-0.03125,-0.015625,0.9765625
269,168.125,-0.03125,-0.0234375,0.9921875
270,168.75,-0.0234375,-0.0234375,0.9765625
271,169.375,-0.0234375,-0.03125,1.0078125
272,170.0,0.0,-0.0546875,0.984375
273,170.625,-0.0234375,-0.0390625,1.0
274,171.25,-0.0234375,-0.015625,0.9921875
275,171.875,-0.03125,-0.0390625,1.0
276,172.5,-0.03125,-0.03125,1.0078125
277,173.125,-0.015625,-0.0234375,1.0
278,173.75,-0.0234375,-0.03125,0.9921875
279,174.375,-0.015625,-0.03125,1.0
280,175.0,-0.0234375,-0.0234375,1.0
281,175.625,-0.0234375,-0.03125,1.0
282,176.25,-0.0390625,-0.0390625,1.0
283,176.875,0.0,-0.0234375,0.984375
284,177.5,0.0,-0.046875,0.984375
285,178.125,0.0,-0.0234375,1.0
286,178.75,0.0,-0.03125,1.0
287,179.375,-0.03125,-0.0234375,0.9921875
288,180.0,-0.046875,0.0,0.9921875
289,180.625,-0.0625,0.0,1.0
290,181.25,-0.046875,0.0,0.9921875
291,181.875,-0.046875,0.0,0.984375
292,182.5,-0.046875,-0.0234375,0.984375
293,183.125,-0.0546875,-0.03125,0.9921875
294,183.75,-0.0390625,-0.046875,1.0078125
295,184.375,-0.0390625,-0.015625,1.0
296,185.0,-0.0390625,-0.03125,1.0078125
297,185.625,-0.0234375,-0.015625,1.03125
298,186.25,-0.0390625,-0.0234375,1.015625
299,186.875,-0.015625,-0.03125,1.0234375
300,187.5,0.0,-0.0390625,0.984375
301,188.125,-0.03125,-0.0234375,0.9609375
302,188.75,-0.03125,-0.015625,0.984375
303,189.375,-0.03125,0.0,0.96875
304,190.0,-0.0546875,-0.015625,1.03125
305,190.625,-0.015625,0.0,1.0
306,191.25,-0.03125,-0.0234375,1.0
307,191.875,-0.046875,-0.015625,1.0
308,192.5,-0.0234375,-0.046875,1.0
309,193.125,-0.015625,-0.0234375,0.9765625
310,193.75,-0.015625,-0.03125,1.0
311,194.375,-0.015625,0.0,1.0
312,195.0,-0.03125,-0.03125,1.0
313,195.625,-0.0390625,-0.046875,0.984375
314,196.25,-0.0390625,-0.0390625,1.0
315,196.875,-0.03125,-0.0390625,1.0
316,197.5,-0.0390625,-0.0234375,0.9765625
317,198.125,0.0,-0.0234375,1.0
318,198.75,0.0,-0.046875,0.9765625
319,199.375,0.015625,-0.03125,1.0
320,200.0,-0.015625,-0.0390625,1.0
321,200.625,-0.03125,0.0078125,1.0
322,201.25,-0.0234375,0.0,1.0
323,201.875,-0.03125,0.0,1.0078125
324,202.5,0.0,-0.03125,1.0
325,203.125,-0.03125,-0.046875,1.0078125
326,203.75,-0.0390625,-0.0625,1.0
327,204.375,-0.03125,-0.0625,0.9921875
328,205.0,-0.03125,-0.03125,1.0
329,205.625,-0.0390625,-0.0390625,1.03125
330,206.25,0.0,-0.046875,1.0390625
331,206.875,-0.015625,-0.03125,1.0390625
332,207.5,0.0,-0.0390625,0.9921875
333,208.125,-0.0390625,-0.03125,0.9609375
334,208.75,-0.03125,-0.0234375,0.9609375
335,209.375,-0.0234375,-0.03125,0.96875
336,210.0,0.0,-0.0390625,1.0078125
337,210.625,-0.0390625,-0.015625,1.0
338,211.25,-0.0390625,-0.0234375,0.9921875
339,211.875,-0.03125,-0.03125,1.0
340,212.5,-0.0234375,-0.0234375,1.0
341,213.125,-0.0234375,-0.0390625,1.0
342,213.75,-0.0546875,-0.03125,1.0
343,214.375,0.0,-0.046875,1.0
344,215.0,-0.0234375,-0.0234375,1.0
345,215.625,-0.0234375,0.0,1.0078125
346,216.25,-0.03125,0.0,1.0
347,216.875,-0.03125,0.0,1.0
348,217.5,0.0,-0.0234375,1.0078125
349,218.125,0.0078125,-0.0234375,1.0078125
350,218.75,0.0078125,-0.015625,1.0
351,219.375,-0.0234375,-0.03125,1.0
352,220.0,-0.046875,0.0,1.015625
353,220.625,-0.0546875,0.0078125,1.0
354,221.25,-0.046875,0.0234375,1.0234375
355,221.875,0.0,-0.015625,1.0
356,222.5,-0.0234375,-0.0546875,1.0
357,223.125,-0.03125,-0.0390625,1.0078125
358,223.75,-0.015625,-0.078125,1.0
359,224.375,-0.046875,-0.03125,1.0
360,225.0,-0.03125,-0.0234375,1.046875
361,225.625,-0.03125,-0.015625,1.0546875
362,226.25,-0.03125,-0.0234375,1.046875
363,226.875,-0.0390625,-0.0234375,1.0078125
364,227.5,-0.03125,-0.03125,0.9609375
365,228.125,-0.03125,-0.0390625,0.9453125
366,228.75,-0.0390625,-0.015625,0.9375
367,229.375,-0.03125,0.0,1.0
368,230.0,-0.03125,-0.0234375,1.0
369,230.625,-0.03125,-0.0234375,0.9765625
370,231.25,-0.03125,0.0,0.9921875
371,231.875,-0.0234375,-0.03125,1.0234375
372,232.5,-0.0234375,-0.0234375,0.9921875
373,233.125,-0.015625,-0.0234375,1.0
374,233.75,-0.0234375,-0.03125,0.9921875
375,234.375,-0.046875,0.0,0.9921875
376,235.0,-0.03125,0.0,0.9921875
377,235.625,-0.0234375,-0.0234375,1.0
378,236.25,-0.03125,-0.0234375,0.984375
379,236.875,-0.03125,-0.0390625,0.9921875
380,237.5,0.0,0.0,1.0
381,238.125,0.0,-0.0234375,0.96875
382,238.75,0.046875,-0.03125,0.9921875
383,239.375,-0.015625,-0.046875,0.9921875
384,240.0,-0.078125,0.0234375,0.9921875
385,240.625,-0.0859375,0.015625,0.984375
386,241.25,-0.0859375,0.0234375,0.9921875
387,241.875,-0.015625,-0.03125,1.0
388,242.5,-0.015625,-0.0546875,1.0
389,243.125,-0.015625,-0.0703125,1.0078125
390,243.75,-0.03125,-0.0703125,0.984375
391,244.375,-0.03125,-0.0390625,0.9921875
392,245.0,0.0,-0.03125,1.0390625
393,245.625,-0.03125,-0.0390625,1.0390625
394,246.25,-0.03125,-0.046875,1.0625
395,246.875,-0.0234375,-0.046875,1.03125
396,247.5,-0.046875,-0.03125,0.96875
397,248.125,-0.03125,-0.03125,0.953125
398,248.75,-0.0390625,0.0,0.9453125
399,249.375,-0.015625,-0.03125,1.0
400,250.0,-0.0234375,-0.03125,1.0
401,250.625,-0.0390625,-0.03125,0.984375
402,251.25,-0.03125,-0.03125,1.0
403,251.875,-0.03125,-0.03125,1.0078125
404,252.5,-0.0390625,0.0,1.0
405,253.125,-0.0234375,-0.03125,1.0
406,253.75,-0.03125,-0.03125,1.0
407,254.375,-0.046875,-0.0234375,1.0
408,255.0,-0.0390625,-0.03125,1.0
409,255.625,-0.015625,-0.03125,0.984375
410,256.25,-0.0390625,-0.03125,1.0
411,256.875,-0.0390625,-0.046875,1.0078125
412,257.5,0.0078125,-0.015625,1.0
413,258.125,0.015625,-0.0390625,0.9765625
414,258.75,0.0390625,-0.03125,0.9921875
415,259.375,-0.03125,-0.046875,0.984375
416,260.0,-0.0859375,0.0234375,1.015625
417,260.625,-0.078125,0.0,1.0
418,261.25,-0.1015625,0.0546875,1.0
419,261.875,0.0,0.0,0.9921875
420,262.5,-0.046875,-0.0703125,1.0
421,263.125,-0.0546875,-0.09375,1.015625
422,263.75,-0.03125,-0.109375,0.9921875
423,264.375,-0.03125,-0.0390625,1.015625
424,265.0,-0.0390625,-0.03125,1.078125
425,265.625,-0.0546875,0.0,1.0703125
426,266.25,-0.0625,-0.0078125,1.0703125
427,266.875,-0.0390625,-0.03125,0.96875
428,267.5,-0.0625,-0.0234375,0.9375
429,268.125,-0.0625,0.0,0.9140625
430,268.75,-0.078125,0.0,0.9375
431,269.375,-0.0546875,-0.0234375,1.0
432,270.0,-0.0390625,0.0,1.0
433,270.625,-0.0546875,0.0,1.015625
434,271.25,-0.046875,-0.03125,1.03125
435,271.875,-0.03125,0.0,1.0234375
436,272.5,-0.0625,0.0,1.0
437,273.125,-0.0234375,-0.015625,1.0078125
438,273.75,-0.03125,0.0,0.9921875
439,274.375,-0.046875,-0.03125,1.0
440,275.0,-0.0625,-0.03125,1.0
441,275.625,-0.078125,-0.015625,1.0
442,276.25,-0.0625,-0.03125,1.0
443,276.875,-0.0390625,0.0,0.9921875
444,277.5,0.0,-0.0390625,1.0
445,278.125,0.0,-0.03125,1.0
446,278.75,0.0,-0.03125,1.0234375
447,279.375,-0.0390625,0.0,1.0
448,280.0,-0.0625,0.03125,1.0234375
449,280.625,-0.0625,0.0234375,1.0
450,281.25,-0.046875,0.03125,1.0
451,281.875,-0.0625,-0.0234375,0.984375
452,282.5,-0.0390625,-0.0234375,1.0
453,283.125,-0.046875,-0.015625,0.984375
454,283.75,-0.046875,0.0,0.9765625
455,284.375,-0.03125,0.0,1.0234375
456,285.0,-0.0234375,-0.0234375,1.046875
457,285.625,-0.03125,-0.0234375,1.078125
458,286.25,-0.0625,0.0,1.078125
459,286.875,-0.015625,0.0,1.0546875
460,287.5,-0.0546875,-0.03125,1.0
461,288.125,-0.015625,-0.03125,0.984375
462,288.75,-0.0390625,0.0,1.0
463,289.375,-0.046875,0.0,1.0
464,290.0,-0.0390625,-0.03125,1.0
465,290.625,-0.0234375,-0.0234375,0.984375
466,291.25,-0.03125,-0.0390625,1.0
467,291.875,-0.046875,0.0,1.0
468,292.5,-0.046875,-0.0234375,1.0
469,293.125,-0.0390625,-0.046875,1.0
470,293.75,-0.046875,-0.0390625,0.984375
471,294.375,-0.046875,0.0,1.0
472,295.0,-0.0234375,-0.0234375,1.0
473,295.625,-0.046875,0.0,1.0
474,296.25,-0.0390625,0.0,1.0
475,296.875,-0.03125,-0.03125,1.0
476,297.5,-0.046875,0.0,0.9765625
477,298.125,-0.0390625,-0.0234375,1.0
478,298.75,-0.03125,-0.015625,1.0078125
479,299.375,-0.0390625,0.0,1.0
480,300.0,-0.0390625,0.0,1.0
481,300.625,-0.0390625,0.0,1.0
482,301.25,-0.0546875,0.0,1.0
483,301.875,-0.0234375,-0.046875,1.0
484,302.5,-0.0390625,0.0,1.0078125
485,303.125,-0.046875,0.0,1.0
486,303.75,-0.03125,-0.046875,1.0078125
487,304.375,-0.0390625,0.0,1.0
488,305.0,-0.0234375,-0.03125,1.015625
489,305.625,-0.0390625,-0.03125,1.0078125
490,306.25,-0.046875,0.0,1.0
491,306.875,-0.0390625,-0.015625,1.0078125
492,307.5,-0.0390625,0.0,1.0
493,308.125,-0.03125,-0.015625,1.0
494,308.75,-0.0390625,-0.015625,1.0234375
495,309.375,-0.0390625,-0.0078125,0.9921875
496,310.0,-0.015625,-0.0390625,1.0
497,310.625,-0.03125,-0.015625,0.9765625
498,311.25,-0.03125,-0.015625,1.0
499,311.875,-0.0234375,-0.0234375,1.0
500,312.5,-0.0234375,0.0,1.0
501,313.125,0.0,-0.015625,0.9921875
502,313.75,-0.0390625,-0.03125,1.0
503,314.375,-0.0234375,-0.015625,0.9921875
504,315.0,-0.015625,-0.0390625,0.984375
505,315.625,0.0,-0.03125,0.9921875
506,316.25,-0.03125,-0.0234375,0.984375
507,316.875,-0.0234375,0.0,0.984375
508,317.5,-0.0390625,0.0,1.0
509,318.125,-0.046875,-0.015625,0.984375
510,318.75,-0.0390625,-0.0234375,1.0
511,319.375,-0.0390625,-0.0234375,1.0
512,320.0,-0.03125,-0.0234375,1.0
513,320.625,-0.0390625,-0.0390625,1.0
514,321.25,-0.03125,0.0,1.015625
515,321.875,-0.03125,-0.03125,1.0390625
516,322.5,-0.015625,0.0,1.0
517,323.125,0.0,-0.03125,1.0
518,323.75,0.0,-0.0546875,1.0078125
519,324.375,-0.015625,-0.0390625,1.03125
520,325.0,-0.03125,-0.0234375,1.0
521,325.625,0.0,-0.0234375,1.0
522,326.25,0.0,-0.03125,1.0
523,326.875,-0.0234375,-0.0234375,0.9765625
524,327.5,0.0,-0.0234375,1.0
525,328.125,-0.03125,0.0,1.0078125
526,328.75,-0.0234375,-0.015625,1.0
527,329.375,0.0,-0.0546875,1.0078125
528,330.0,0.0,-0.0234375,1.0
529,330.625,-0.03125,-0.015625,1.0078125
530,331.25,-0.015625,-0.0390625,0.984375
531,331.875,-0.03125,-0.0390625,1.0
532,332.5,-0.015625,-0.03125,1.0
533,333.125,-0.015625,-0.03125,1.0078125
534,333.75,-0.015625,-0.03125,1.0234375
535,334.375,-0.03125,-0.03125,1.015625
536,335.0,0.0,0.0,1.0
537,335.625,0.0,0.0,1.0078125
538,336.25,-0.015625,-0.03125,1.0
539,336.875,0.0,-0.03125,0.9921875
540,337.5,-0.0234375,-0.03125,0.9921875
541,338.125,-0.015625,-0.03125,0.9921875
542,338.75,0.0,-0.0234375,1.0078125
543,339.375,0.0,-0.03125,0.984375
544,340.0,-0.0234375,-0.015625,0.9921875
545,340.625,0.0,-0.03125,0.984375
546,341.25,-0.015625,-0.015625,1.0
547,341.875,0.0,-0.03125,1.0
548,342.5,0.0,-0.03125,1.0
549,343.125,0.0,0.0,1.0
550,343.75,0.0,-0.0390625,1.015625
551,344.375,0.0,-0.03125,1.0
552,345.0,-0.0234375,-0.0234375,1.0
553,345.625,0.0,-0.015625,1.0
554,346.25,0.0,-0.015625,1.0
555,346.875,0.0,-0.03125,1.0
556,347.5,-0.0234375,0.0,1.0078125
557,348.125,0.0,-0.0390625,1.0078125
558,348.75,-0.015625,-0.015625,0.9921875
559,349.375,-0.015625,-0.015625,1.0078125
560,350.0,0.0,-0.0234375,1.0
561,350.625,0.0,-0.015625,1.0
562,351.25,0.0,-0.015625,1.0
563,351.875,-0.0390625,0.0,1.0
564,352.5,-0.03125,-0.015625,1.0
565,353.125,0.0,-0.0234375,1.015625
566,353.75,-0.015625,-0.03125,1.0234375
567,354.375,-0.0078125,-0.0234375,1.0
568,355.0,-0.03125,0.0,1.0
569,355.625,0.0,-0.0390625,1.0078125
570,356.25,-0.015625,0.0,1.0234375
571,356.875,-0.03125,-0.015625,1.015625
572,357.5,-0.015625,-0.0234375,1.0
573,358.125,-0.03125,-0.015625,1.0078125
574,358.75,-0.015625,-0.0234375,1.0
575,359.375,-0.015625,0.0,1.0078125
576,360.0,0.0,0.0,1.0
577,360.625,0.0,0.0,1.0234375
578,361.25,-0.03125,0.0,1.0078125
579,361.875,-0.0234375,0.0,1.015625
580,362.5,0.0,-0.015625,1.0
581,363.125,0.0,-0.046875,0.9921875
582,363.75,-0.03125,0.0,1.0078125
583,364.375,0.0,0.0,1.03125
584,365.0,0.0,-0.015625,1.0
585,365.625,-0.015625,-0.015625,1.0
586,366.25,-0.03125,0.0,1.0
587,366.875,-0.03125,-0.015625,1.0
588,367.5,-0.0234375,0.0,1.0
589,368.125,0.0,-0.0234375,0.9921875
590,368.75,0.0,-0.03125,1.0078125
591,369.375,0.0,0.0,1.0
592,370.0,-0.015625,0.0,1.015625
593,370.625,0.0,0.0,1.0078125
594,371.25,-0.0234375,0.0,1.0
595,371.875,-0.0234375,0.0,1.0078125
596,372.5,0.0,0.0,1.0
597,373.125,-0.015625,-0.015625,1.0078125
598,373.75,0.0,0.0,1.0
599,374.375,-0.0234375,0.0,1.0078125
600,375.0,0.0,0.0,1.0
601,375.625,0.0,0.0,1.0
602,376.25,0.0,0.0,1.0
603,376.875,-0.03125,0.0,1.0
604,377.5,-0.0234375,0.0,1.015625
605,378.125,0.0,0.0078125,1.015625
606,378.75,0.0,0.0,1.0
607,379.375,0.0,0.0,1.0
608,380.0,0.0,0.0,1.0
609,380.625,-0.03125,0.0,1.0
610,381.25,0.0,0.0,1.0
611,381.875,-0.015625,0.0078125,1.0
612,382.5,0.0,-0.03125,1.015625
613,383.125,0.0,0.0,1.0234375
614,383.75,0.0,0.0,1.0078125
615,384.375,0.0,0.0,1.0078125
616,385.0,0.0,0.0,1.0
617,385.625,0.0,0.0,1.0078125
618,386.25,-0.0234375,0.0,1.0078125
619,386.875,0.0,0.0,1.0
620,387.5,0.0,-0.0078125,1.0078125
621,388.125,-0.015625,0.0,1.0390625
622,388.75,0.0,0.0,1.0
623,389.375,0.0,0.0,1.0
624,390.0,-0.015625,0.0078125,1.0
625,390.625,0.0,0.0,1.0
626,391.25,-0.015625,0.0,1.0
627,391.875,0.0,0.0,0.9921875
628,392.5,0.0,0.0,1.0078125
629,393.125,0.0,0.0,1.0390625
630,393.75,0.0,0.0,1.0
631,394.375,-0.0234375,0.0,1.0078125
632,395.0,0.0,0.0,1.0078125
633,395.625,0.0,0.0,1.015625
634,396.25,0.0,0.0,0.9921875
635,396.875,0.0078125,0.0,1.015625
636,397.5,0.0,0.0,1.0
637,398.125,0.0,0.0,0.984375
638,398.75,0.0,-0.0078125,1.0078125
639,399.375,0.0,0.0,1.0
640,400.0,0.0078125,0.0078125,1.015625
641,400.625,0.0,0.0,1.0
642,401.25,0.0,0.0,0.9921875
643,401.875,0.0,0.0,0.9921875
644,402.5,0.0,0.0,1.0
645,403.125,-0.015625,0.0,1.0078125
646,403.75,-0.03125,0.0,1.0
647,404.375,0.0,-0.0234375,0.9921875
648,405.0,-0.0390625,0.0,1.0
649,405.625,0.0,0.0,0.984375
650,406.25,0.0,0.015625,1.0
651,406.875,-0.03125,0.015625,1.0
652,407.5,-0.0234375,0.0078125,1.0
653,408.125,-0.0234375,0.0,0.9765625
654,408.75,0.0,0.0,0.9921875
655,409.375,0.0,0.0234375,0.9921875
656,410.0,0.0,0.0,1.0078125
657,410.625,0.0,0.0,1.0
658,411.25,0.0,0.0078125,1.0
659,411.875,-0.0390625,0.0078125,1.0
660,412.5,0.0,-0.015625,0.984375
661,413.125,-0.015625,0.0,1.0078125
662,413.75,0.0,0.0,1.0
663,414.375,0.0,0.0,0.9921875
664,415.0,0.0,0.0,1.0
665,415.625,-0.015625,0.0,1.0
666,416.25,-0.015625,0.0,1.0
667,416.875,-0.015625,0.0,1.0
668,417.5,-0.015625,-0.0234375,1.0
669,418.125,0.0,0.0,1.015625
670,418.75,0.0,0.0,1.0
671,419.375,0.0,0.0,0.9921875
672,420.0,0.0,0.0,0.984375
673,420.625,-0.015625,0.0,0.9921875
674,421.25,-0.0234375,-0.0078125,0.9921875
675,421.875,-0.046875,0.0,1.0
676,422.5,-0.03125,0.0,0.9921875
677,423.125,-0.03125,0.0078125,1.0
678,423.75,-0.03125,0.0,1.0
679,424.375,-0.0234375,0.0,1.0
680,425.0,-0.0390625,0.0,1.015625
681,425.625,-0.03125,0.0,1.0078125
682,426.25,-0.03125,0.0,1.0
683,426.875,-0.015625,0.0,0.9921875
684,427.5,-0.03125,0.0,1.0078125
685,428.125,-0.0078125,0.0,0.9921875
686,428.75,-0.03125,0.0,1.0
687,429.375,-0.046875,-0.015625,1.0
688,430.0,-0.0390625,0.0,1.0
689,430.625,-0.046875,0.0,1.015625
690,431.25,-0.0390625,0.0,1.0
691,431.875,-0.046875,0.0,1.0
692,432.5,-0.0390625,0.0,1.0
693,433.125,-0.03125,0.0,1.0078125
694,433.75,-0.03125,-0.015625,1.0
695,434.375,-0.03125,0.0,1.0
696,435.0,-0.03125,0.0,1.0
697,435.625,-0.0546875,-0.015625,0.9921875
698,436.25,-0.0546875,0.0,1.0
699,436.875,-0.03125,0.0,1.0
700,437.5,-0.0390625,0.0,0.9765625
701,438.125,-0.0390625,0.0,0.9921875
702,438.75,-0.046875,0.0,1.0
703,439.375,-0.03125,0.0,0.9765625
704,440.0,-0.0234375,0.0,1.0
705,440.625,-0.015625,0.0,1.0
706,441.25,-0.0234375,0.0,1.0
707,441.875,-0.03125,0.0,0.9921875
708,442.5,-0.0390625,0.0,1.0
709,443.125,-0.0390625,0.0078125,1.0
710,443.75,-0.03125,0.0,0.984375
711,444.375,-0.0390625,0.0,1.0
712,445.0,-0.015625,-0.015625,1.0
713,445.625,-0.0234375,0.0,1.0
714,446.25,-0.0234375,0.0,1.0
715,446.875,-0.0390625,0.0,0.9921875
716,447.5,0.0,0.0,1.0
717,448.125,-0.03125,0.0,1.0
718,448.75,-0.03125,0.0,1.0
719,449.375,-0.0234375,0.0,1.0234375
720,450.0,-0.015625,-0.0390625,1.0
721,450.625,-0.03125,0.0,1.015625
722,451.25,-0.0234375,0.0,1.0
723,451.875,-0.015625,0.0078125,1.0
724,452.5,-0.0390625,0.0078125,0.9921875
725,453.125,-0.0390625,0.015625,1.0
726,453.75,-0.03125,0.0,1.0
727,454.375,-0.0234375,0.0,0.9921875
728,455.0,-0.0234375,0.0,0.9921875
729,455.625,-0.0390625,0.0,1.0
730,456.25,-0.0390625,0.0,1.0
731,456.875,-0.03125,0.0,1.0
732,457.5,-0.0390625,0.0,1.0
733,458.125,-0.046875,0.0078125,1.0
734,458.75,-0.046875,0.0,1.0
735,459.375,-0.0390625,0.0,1.0
736,460.0,-0.03125,0.0,1.015625
737,460.625,-0.046875,0.0,0.9921875
738,461.25,-0.0234375,0.0,1.0
739,461.875,-0.0390625,0.0,1.0
740,462.5,-0.0390625,0.0,1.0078125
741,463.125,-0.0390625,0.0,1.0
742,463.75,-0.0390625,-0.015625,1.0
743,464.375,-0.03125,0.0,1.0078125
744,465.0,-0.0390625,0.0078125,1.0
745,465.625,-0.03125,0.0078125,1.015625
746,466.25,-0.0390625,-0.0234375,1.0
747,466.875,-0.0234375,0.0,1.0
748,467.5,0.0,-0.015625,1.0
749,468.125,-0.03125,0.0,1.0
750,468.75,-0.0234375,0.0,1.0
751,469.375,-0.0234375,-0.0078125,0.9921875
752,470.0,-0.03125,0.0,1.0
753,470.625,-0.015625,0.0,1.0078125
754,471.25,-0.03125,0.0,1.015625
755,471.875,0.0,0.0,1.0
756,472.5,-0.0234375,0.0,1.0
757,473.125,0.0,-0.03125,1.015625
758,473.75,-0.0234375,-0.015625,1.015625
759,474.375,-0.015625,0.0,1.0078125
760,475.0,-0.03125,0.0,1.0
761,475.625,-0.03125,0.0,1.015625
762,476.25,-0.03125,0.0078125,1.03125
763,476.875,-0.0234375,0.0,1.0
764,477.5,-0.03125,0.0,1.015625
765,478.125,0.0,0.0,1.0234375
766,478.75,-0.0234375,0.0,1.0078125
767,479.375,-0.0234375,0.0,1.0078125
768,480.0,-0.0234375,-0.015625,1.0078125
769,480.625,-0.0078125,0.0,1.0
770,481.25,0.0,0.0,1.015625
771,481.875,0.0,0.0,1.0
772,482.5,0.0,-0.0234375,1.015625
773,483.125,0.0,0.0,1.0078125
774,483.75,-0.015625,0.0,1.015625
775,484.375,0.0,0.0,1.0078125
776,485.0,0.0,0.0,1.0
777,485.625,0.0,0.0,1.0
778,486.25,-0.015625,0.0,1.015625
779,486.875,0.0,0.0,1.0078125
780,487.5,0.0,0.0,1.0
781,488.125,0.0,-0.015625,1.0
782,488.75,-0.015625,0.0,1.015625
783,489.375,0.0,0.0,1.0
784,490.0,0.0,0.0,1.0
785,490.625,-0.0234375,0.0,1.0078125
786,491.25,-0.015625,0.0,1.015625
787,491.875,0.0,-0.015625,1.0
788,492.5,0.0,0.0,1.015625
789,493.125,0.0,-0.03125,1.0
790,493.75,0.0,0.0,1.0
791,494.375,0.0,-0.0234375,0.9921875
792,495.0,0.0,0.0,1.0
793,495.625,0.0,-0.015625,1.0
794,496.25,0.0,0.0,0.984375
795,496.875,0.015625,0.0,1.015625
796,497.5,0.0,0.0,1.0
797,498.125,0.0,0.0,1.0
798,498.75,-0.015625,0.0078125,1.0
799,499.375,0.0,-0.015625,1.0
800,500.0,0.0,-0.015625,1.0078125
801,500.625,0.0,-0.0234375,1.0078125
802,501.25,0.0,0.0,0.9921875
803,501.875,0.0,0.0,1.0
804,502.5,0.0,0.0,1.0
805,503.125,0.0078125,0.0,1.0
806,503.75,0.0,0.0,1.0
807,504.375,-0.015625,0.0,1.0
808,505.0,0.0,0.0,0.96875
809,505.625,0.0078125,0.0,1.0
810,506.25,0.0,0.0,0.9921875
811,506.875,-0.015625,0.0,1.0
812,507.5,0.0,0.0,0.9921875
813,508.125,0.0,0.0,1.0078125
814,508.75,0.0,0.0,1.0
815,509.375,0.0234375,-0.0234375,1.0
816,510.0,0.0,0.0,1.0078125
817,510.625,0.015625,-0.015625,1.0
818,511.25,0.0,0.0,0.984375
819,511.875,0.0,0.0,1.015625
820,512.5,0.0,0.0078125,1.0234375
821,513.125,0.0,0.0,1.0078125
822,513.75,0.0,0.0,0.9921875
823,514.375,0.0,0.0,1.0
824,515.0,0.0,0.0,1.0
825,515.625,0.0,0.0,0.9921875
826,516.25,0.0,-0.015625,1.0
827,516.875,0.0,0.0,1.0
828,517.5,0.0,0.0,1.0078125
829,518.125,0.015625,-0.015625,0.9921875
830,518.75,0.0078125,-0.03125,1.0
831,519.375,0.0,0.0,1.0078125
832,520.0,0.0,0.0,1.0
833,520.625,0.0,0.0,1.0
834,521.25,0.0,0.0,1.0
835,521.875,0.0,0.0,1.015625
836,522.5,0.0,0.0,1.0
837,523.125,0.0,0.0,1.0
838,523.75,0.0,0.0,0.984375
839,524.375,0.0,0.0,0.9921875
840,525.0,0.0,0.0,1.0
841,525.625,0.0078125,0.0,0.984375
842,526.25,0.0,0.0,0.984375
843,526.875,0.0,0.0,0.9921875
844,527.5,-0.03125,0.0,0.984375
845,528.125,0.0,-0.0234375,1.0
846,528.75,0.0,0.0,0.9921875
847,529.375,0.0,-0.015625,1.0
848,530.0,0.0,0.0,0.9921875
849,530.625,0.0,0.0,0.9921875
850,531.25,0.0,0.0,0.984375
851,531.875,0.0,-0.0234375,0.9921875
852,532.5,0.0,-0.015625,1.0
853,533.125,0.0,-0.015625,0.9921875
854,533.75,0.0,0.0,1.0
855,534.375,0.0,0.0,1.0234375
856,535.0,0.0,0.0,1.0078125
857,535.625,0.0,0.0,1.0
858,536.25,0.0,0.0,1.0
859,536.875,0.0,0.0,1.0
860,537.5,0.0078125,0.0,1.0
861,538.125,0.0,-0.0234375,1.0
862,538.75,0.0078125,-0.015625,1.0
863,539.375,0.0,0.0,1.0
864,540.0,0.0,-0.0234375,0.9765625
865,540.625,0.0,0.0,0.984375
866,541.25,0.0,-0.0234375,0.984375
867,541.875,0.0,-0.0234375,0.96875
868,542.5,0.0,-0.015625,1.0
869,543.125,0.0,-0.0234375,1.0
870,543.75,0.0,-0.03125,1.0
871,544.375,0.0,0.0,1.0
872,545.0,0.0,0.0,0.9921875
873,545.625,0.0,0.0,0.9921875
874,546.25,0.0,0.0,0.9921875
875,546.875,0.0,-0.015625,1.0
876,547.5,0.0078125,-0.015625,0.9921875
877,548.125,0.0,-0.03125,1.0
878,548.75,0.0,0.0,1.0
879,549.375,-0.015625,0.0,1.0234375
880,550.0,0.0,-0.0390625,0.9921875
881,550.625,0.0078125,-0.03125,1.0
882,551.25,0.0,-0.0234375,1.0
883,551.875,-0.015625,-0.015625,1.0
884,552.5,0.0,-0.015625,1.0
885,553.125,-0.015625,0.0,1.0078125
886,553.75,-0.015625,-0.0234375,1.0
887,554.375,0.0,0.0,1.0
888,555.0,0.0,0.0,1.0234375
889,555.625,0.0,-0.0390625,0.9921875
890,556.25,-0.0078125,-0.015625,1.0078125
891,556.875,0.0,0.0,1.0
892,557.5,0.0,-0.0234375,1.0
893,558.125,0.0,-0.015625,1.0078125
894,558.75,0.0,-0.0234375,1.0234375
895,559.375,0.0,0.0,1.0
896,560.0,-0.03125,0.0,1.0
897,560.625,-0.03125,0.0,1.0
898,561.25,-0.0078125,0.0,1.0
899,561.875,-0.0234375,0.0,1.0
900,562.5,0.0,-0.015625,0.9921875
901,563.125,-0.0234375,0.0,1.0
902,563.75,0.0,0.0,1.0
903,564.375,0.0,0.0,1.0
904,565.0,0.0,-0.015625,0.9921875
905,565.625,-0.015625,0.0,0.9921875
906,566.25,0.0,-0.0234375,1.03125
907,566.875,0.0,0.0,0.9921875
908,567.5,0.0,-0.0234375,1.0078125
909,568.125,0.0,-0.0234375,1.0
910,568.75,0.0,-0.0234375,1.0
911,569.375,0.0,-0.015625,1.0
912,570.0,0.0,0.0,1.0234375
913,570.625,-0.015625,0.0,1.0078125
914,571.25,0.0,0.0,1.015625
915,571.875,-0.015625,0.0,1.0
916,572.5,0.0,-0.015625,1.015625
917,573.125,0.0,0.0,1.0
918,573.75,-0.015625,0.0078125,1.0
919,574.375,0.0,0.0,1.0234375
920,575.0,-0.0234375,-0.015625,1.0
921,575.625,-0.015625,0.0,1.0
922,576.25,0.0,0.0,1.0
923,576.875,0.0,0.0,1.0
924,577.5,-0.03125,0.0,1.0
925,578.125,0.0,-0.015625,1.0234375
926,578.75,0.0,0.0078125,1.0
927,579.375,0.0,0.0,1.015625
928,580.0,-0.015625,0.0,1.0078125
929,580.625,-0.0234375,0.0,1.0
930,581.25,-0.03125,0.0,1.0234375
931,581.875,0.0,0.0,0.9921875
932,582.5,-0.03125,0.0,1.0
933,583.125,-0.015625,0.0,1.0234375
934,583.75,-0.015625,0.0,1.0
935,584.375,-0.015625,0.0,1.015625
936,585.0,-0.03125,0.0,1.0
937,585.625,-0.015625,0.0,1.0
938,586.25,-0.0234375,0.0,1.0
939,586.875,-0.03125,0.0,1.0
940,587.5,0.0,0.0,1.0078125
941,588.125,-0.046875,0.015625,1.015625
942,588.75,-0.03125,0.0,1.0
943,589.375,-0.0390625,0.0,1.0
944,590.0,0.0,0.0,1.015625
945,590.625,-0.015625,0.0,1.0078125
946,591.25,-0.03125,0.0,1.0
947,591.875,-0.0234375,0.0,1.0
948,592.5,0.0,0.0,1.0
949,593.125,-0.015625,0.0,1.0078125
950,593.75,0.0,-0.03125,1.0
951,594.375,-0.015625,0.0,1.03125
952,595.0,-0.015625,0.0,1.015625
953,595.625,0.0,0.0,1.0
954,596.25,-0.03125,0.0,1.0
955,596.875,-0.0234375,0.0,1.0078125
956,597.5,-0.0234375,-0.0234375,1.0
957,598.125,0.0,-0.015625,1.0
958,598.75,-0.0390625,0.0078125,1.0078125
959,599.375,-0.046875,0.0,1.0
960,600.0,0.0,0.0,0.984375
961,600.625,0.0,0.0,1.0
962,601.25,0.0,-0.0234375,0.9921875
963,601.875,-0.0234375,0.0,1.015625
964,602.5,-0.015625,0.0,1.0078125
965,603.125,-0.015625,0.0,1.0078125
966,603.75,-0.0234375,0.0,1.0
967,604.375,-0.0234375,0.0078125,1.0
968,605.0,-0.0390625,0.0,1.0078125
969,605.625,-0.0234375,0.0,1.0078125
970,606.25,0.0,-0.0234375,1.0
971,606.875,-0.015625,-0.015625,1.0
972,607.5,-0.0234375,0.0,1.0
973,608.125,-0.03125,0.0,1.0
974,608.75,-0.03125,0.0,1.0
975,609.375,-0.0234375,0.0,1.0078125
976,610.0,-0.046875,0.0,1.0
977,610.625,-0.0390625,0.0,1.0
978,611.25,-0.03125,0.0,1.0
979,611.875,-0.0234375,0.0,1.0
980,612.5,-0.015625,-0.015625,1.015625
981,613.125,-0.046875,0.0,1.0078125
982,613.75,-0.03125,0.0,1.0
983,614.375,-0.015625,0.0,1.0
984,615.0,-0.03125,0.0,1.0
985,615.625,0.0,-0.0234375,0.984375
986,616.25,-0.0234375,0.0,1.0
987,616.875,-0.015625,-0.015625,1.0
988,617.5,-0.046875,0.0,1.0
989,618.125,-0.0390625,-0.015625,0.984375
990,618.75,-0.03125,0.0,0.984375
991,619.375,0.0,0.0,0.9921875
992,620.0,-0.03125,-0.0234375,1.0
993,620.625,-0.0234375,-0.015625,1.0
994,621.25,-0.0234375,0.0,1.0
995,621.875,-0.046875,0.0,1.0
996,622.5,-0.03125,-0.015625,1.0
997,623.125,0.0,-0.015625,1.0
998,623.75,-0.015625,-0.015625,1.0
999,624.375,-0.0234375,-0.03125,1.0
1000,625.0,-0.0234375,-0.015625,0.9921875
1001,625.625,-0.0234375,-0.015625,1.0
1002,626.25,-0.0390625,-0.0234375,1.0
1003,626.875,-0.0390625,0.0,1.0
1004,627.5,-0.0234375,-0.0234375,0.984375
1005,628.125,-0.03125,0.0,1.0
1006,628.75,-0.0234375,0.0,1.015625
1007,629.375,-0.03125,0.0,1.0
1008,630.0,-0.0390625,0.0,0.9921875
1009,630.625,-0.03125,-0.0234375,1.0
1010,631.25,-0.0234375,-0.015625,1.0
1011,631.875,-0.03125,-0.0234375,1.0
1012,632.5,-0.0390625,-0.0234375,0.984375
1013,633.125,-0.0390625,-0.0234375,1.0
1014,633.75,-0.0234375,-0.015625,1.0
1015,634.375,-0.0390625,0.0,1.0234375
1016,635.0,-0.046875,-0.015625,1.015625
1017,635.625,-0.03125,-0.0234375,1.0
1018,636.25,-0.03125,0.0,1.0
1019,636.875,-0.03125,0.0,0.96875
1020,637.5,-0.0234375,-0.015625,1.0
1021,638.125,-0.0234375,-0.015625,1.0
1022,638.75,-0.0234375,0.0,0.984375
1023,639.375,-0.046875,0.0,1.0
1024,640.0,-0.03125,-0.03125,0.9921875
1025,640.625,-0.03125,-0.0234375,0.984375
1026,641.25,-0.03125,-0.015625,1.0
1027,641.875,-0.0390625,0.0,0.9921875
1028,642.5,0.0,-0.0234375,0.9921875
1029,643.125,-0.03125,0.0,1.0
1030,643.75,-0.03125,0.0,0.9921875
1031,644.375,-0.03125,-0.015625,1.0
1032,645.0,-0.015625,0.0,1.0078125
1033,645.625,-0.0234375,0.0,1.0078125
1034,646.25,0.0,-0.03125,0.9921875
1035,646.875,-0.015625,-0.03125,1.0
1036,647.5,0.0,-0.015625,1.0
1037,648.125,-0.015625,-0.0390625,1.0
1038,648.75,-0.03125,-0.015625,1.0078125
1039,649.375,-0.03125,-0.0234375,0.9921875
1040,650.0,-0.03125,-0.015625,1.0
1041,650.625,-0.015625,0.0,1.0
1042,651.25,-0.03125,0.0,1.0
1043,651.875,0.0,-0.0390625,1.0
1044,652.5,-0.0234375,-0.03125,0.9921875
1045,653.125,-0.0390625,-0.0390625,1.0
1046,653.75,-0.0390625,0.0,1.0078125
1047,654.375,-0.015625,-0.03125,1.0078125
1048,655.0,-0.0234375,-0.0390625,1.0
1049,655.625,-0.015625,-0.03125,1.0
1050,656.25,-0.03125,-0.03125,1.0078125
1051,656.875,0.0,-0.0234375,1.0078125
1052,657.5,-0.03125,0.0,0.984375
1053,658.125,-0.015625,-0.0234375,0.96875
1054,658.75,0.0,-0.03125,1.0
1055,659.375,0.0,-0.0234375,1.0
1056,660.0,-0.03125,0.0,1.0
1057,660.625,0.0,0.0,1.03125
1058,661.25,-0.015625,0.0,1.0
1059,661.875,-0.03125,0.0,1.015625
1060,662.5,0.0,0.0,1.0
1061,663.125,-0.0234375,0.0,1.0
1062,663.75,-0.03125,-0.03125,1.0078125
1063,664.375,-0.015625,0.0,1.0
1064,665.0,0.0,0.0,1.0
1065,665.625,-0.03125,0.0,1.0
1066,666.25,0.0,0.0,1.0
1067,666.875,0.0,0.0,1.0
1068,667.5,-0.015625,-0.0234375,1.0
1069,668.125,0.0,-0.03125,1.0
1070,668.75,0.0,-0.0234375,1.0
1071,669.375,0.0,-0.015625,1.0078125
1072,670.0,-0.03125,0.0,1.015625
1073,670.625,-0.0234375,0.0,0.9765625
1074,671.25,0.0,-0.0234375,1.0
1075,671.875,-0.03125,0.0,0.9921875
1076,672.5,-0.03125,-0.015625,1.015625
1077,673.125,-0.03125,-0.03125,1.0
1078,673.75,-0.015625,-0.0234375,1.0
1079,674.375,0.0,-0.0390625,1.0
1080,675.0,0.0,-0.046875,1.0
1081,675.625,-0.03125,0.0,1.015625
1082,676.25,-0.015625,-0.0234375,1.0
1083,676.875,-0.03125,0.0,1.0078125
1084,677.5,-0.03125,0.0,1.015625
1085,678.125,-0.015625,-0.0234375,1.0
1086,678.75,0.0,-0.015625,1.0
1087,679.375,0.0,-0.03125,1.0
1088,680.0,-0.015625,-0.015625,1.0
1089,680.625,-0.03125,-0.015625,1.0078125
1090,681.25,0.0,0.0,1.0
1091,681.875,0.0,-0.0546875,1.0078125
1092,682.5,-0.015625,-0.0234375,0.9921875
1093,683.125,-0.03125,-0.0390625,1.0
1094,683.75,-0.015625,-0.0234375,1.015625
1095,684.375,-0.0390625,0.0,1.0078125
1096,685.0,-0.015625,0.0,1.0
1097,685.625,-0.015625,-0.015625,1.0234375
1098,686.25,-0.03125,-0.015625,1.0
1099,686.875,-0.0234375,-0.015625,1.0078125
1100,687.5,-0.015625,0.0,1.0078125
1101,688.125,-0.0234375,0.0,1.0
1102,688.75,-0.015625,-0.015625,1.0078125
1103,689.375,-0.0234375,0.0,1.015625
1104,690.0,-0.0234375,-0.0234375,1.0
1105,690.625,-0.0390625,0.0,0.9921875
1106,691.25,-0.0234375,-0.0234375,1.0
1107,691.875,-0.015625,-0.03125,1.0
1108,692.5,-0.015625,-0.015625,1.0234375
1109,693.125,-0.015625,0.0,1.0
1110,693.75,-0.0390625,0.0,1.0
1111,694.375,-0.015625,-0.015625,1.0
1112,695.0,-0.0234375,-0.03125,1.0
1113,695.625,-0.015625,-0.0234375,1.0
1114,696.25,-0.0234375,0.0,1.015625
1115,696.875,-0.0234375,-0.0234375,1.03125
1116,697.5,-0.03125,-0.0390625,1.0
1117,698.125,-0.03125,0.0,1.0078125
1118,698.75,-0.03125,-0.0234375,1.0
1119,699.375,0.0,-0.015625,1.0
1120,700.0,-0.0234375,-0.0234375,1.0078125
1121,700.625,-0.03125,-0.03125,1.0078125
1122,701.25,-0.0390625,0.0,1.0078125
1123,701.875,-0.0390625,0.0,1.015625
1124,702.5,-0.0390625,-0.0234375,1.0
1125,703.125,-0.015625,-0.03125,1.0078125
1126,703.75,-0.03125,0.0,1.0078125
1127,704.375,-0.03125,-0.015625,1.0078125
1128,705.0,0.0,-0.015625,0.9921875
1129,705.625,-0.046875,0.0,1.0
1130,706.25,-0.046875,0.0,1.0
1131,706.875,-0.0390625,0.0,0.9921875
1132,707.5,-0.046875,-0.0234375,1.0
1133,708.125,-0.0390625,-0.015625,1.0234375
1134,708.75,-0.0234375,0.0,1.0
1135,709.375,-0.015625,-0.0234375,1.0
1136,710.0,-0.015625,-0.03125,1.0
1137,710.625,-0.0390625,-0.0234375,0.984375
1138,711.25,-0.0546875,0.0,1.0
1139,711.875,-0.046875,-0.03125,1.0
1140,712.5,-0.046875,0.0,1.0
1141,713.125,-0.0546875,0.0,1.0234375
1142,713.75,-0.0390625,0.0,1.0
1143,714.375,-0.046875,0.0,1.0234375
1144,715.0,-0.046875,-0.03125,0.9921875
1145,715.625,-0.03125,-0.0234375,1.0
1146,716.25,-0.046875,-0.0234375,1.0078125
1147,716.875,-0.046875,-0.0234375,1.0
1148,717.5,-0.03125,-0.0234375,1.0078125
1149,718.125,-0.0390625,-0.015625,1.0
1150,718.75,-0.0390625,-0.0390625,0.9921875
1151,719.375,-0.015625,-0.03125,0.9921875
1152,720.0,-0.03125,-0.015625,0.9765625
1153,720.625,-0.0546875,-0.015625,0.9921875
1154,721.25,-0.0625,0.0,0.9765625
1155,721.875,-0.0234375,-0.0078125,0.9921875
1156,722.5,-0.0390625,-0.015625,0.9921875
1157,723.125,-0.03125,-0.0234375,1.0
1158,723.75,-0.0546875,-0.0234375,0.9765625
1159,724.375,-0.046875,-0.03125,1.0
1160,725.0,-0.0390625,-0.015625,0.984375
1161,725.625,-0.0234375,-0.0234375,0.9921875
1162,726.25,-0.046875,0.0,1.0
1163,726.875,-0.0390625,0.0,1.0
1164,727.5,-0.046875,0.0,0.9921875
1165,728.125,-0.0390625,-0.0234375,0.9765625
1166,728.75,-0.046875,-0.015625,0.984375
1167,729.375,-0.015625,-0.03125,1.0
1168,730.0,0.0,-0.046875,1.0
1169,730.625,-0.03125,-0.0390625,1.0
1170,731.25,-0.03125,0.0,0.984375
1171,731.875,-0.0390625,-0.015625,1.0
1172,732.5,-0.046875,0.0,0.9921875
1173,733.125,-0.0390625,0.0,1.0
1174,733.75,-0.0625,-0.015625,0.984375
1175,734.375,-0.0390625,-0.0234375,1.0
1176,735.0,-0.0390625,-0.03125,1.0
1177,735.625,-0.03125,-0.046875,0.984375
1178,736.25,-0.046875,0.0,1.0
1179,736.875,-0.0625,0.0,1.0078125
1180,737.5,-0.03125,-0.03125,1.0078125
1181,738.125,-0.046875,0.0,1.0234375
1182,738.75,-0.0390625,-0.03125,1.0
1183,739.375,-0.046875,0.0,1.0
1184,740.0,-0.046875,-0.0234375,0.984375
1185,740.625,-0.0234375,-0.03125,0.9921875
1186,741.25,-0.0390625,-0.03125,0.96875
1187,741.875,-0.03125,-0.0234375,0.9921875
1188,742.5,-0.0625,0.0,1.0
1189,743.125,-0.03125,-0.03125,1.0
1190,743.75,-0.015625,-0.03125,0.9921875
1191,744.375,-0.0234375,-0.03125,1.015625
1192,745.0,-0.03125,-0.03125,1.0078125
1193,745.625,-0.0390625,-0.015625,1.0
1194,746.25,-0.015625,-0.0234375,1.0
1195,746.875,-0.03125,-0.0234375,0.9921875
1196,747.5,-0.046875,-0.0234375,1.0078125
1197,748.125,-0.0390625,-0.015625,1.0078125
1198,748.75,-0.046875,0.0,1.0
1199,749.375,-0.0390625,-0.0234375,0.984375
1200,750.0,-0.015625,-0.015625,1.0
1201,750.625,-0.0234375,-0.015625,1.0
1202,751.25,-0.03125,-0.015625,1.0
1203,751.875,-0.0390625,-0.0234375,0.984375
1204,752.5,-0.0390625,0.0,1.0
1205,753.125,-0.03125,-0.015625,1.0
1206,753.75,-0.03125,-0.015625,1.0
1207,754.375,-0.0390625,-0.0390625,1.0
1208,755.0,-0.0390625,-0.03125,1.0
1209,755.625,-0.0234375,-0.0390625,0.984375
1210,756.25,-0.0625,-0.015625,1.0
1211,756.875,-0.0390625,-0.0234375,1.0
1212,757.5,-0.046875,-0.015625,1.03125
1213,758.125,-0.0234375,-0.0234375,1.015625
1214,758.75,-0.03125,-0.0390625,1.0234375
1215,759.375,-0.0390625,-0.03125,1.0
1216,760.0,-0.03125,-0.015625,1.0
1217,760.625,-0.0546875,-0.03125,0.9921875
1218,761.25,-0.0234375,-0.03125,1.015625
1219,761.875,-0.0234375,-0.046875,1.0
1220,762.5,-0.03125,-0.0234375,0.96875
1221,763.125,-0.0390625,0.0,1.0
1222,763.75,-0.0390625,-0.03125,0.984375
1223,764.375,-0.0234375,0.0,1.0078125
1224,765.0,-0.03125,-0.015625,1.0
1225,765.625,-0.0390625,-0.03125,1.0
1226,766.25,-0.015625,-0.0234375,1.0078125
1227,766.875,-0.015625,-0.03125,1.0078125
1228,767.5,-0.0546875,0.0,1.0
1229,768.125,-0.03125,-0.0390625,1.0
1230,768.75,-0.03125,0.0,1.0
1231,769.375,-0.0390625,-0.0390625,1.0
1232,770.0,-0.03125,-0.03125,1.0
1233,770.625,0.0,-0.0234375,1.0
1234,771.25,-0.0390625,-0.0234375,0.9921875
1235,771.875,-0.015625,-0.046875,1.0
1236,772.5,-0.046875,-0.0234375,1.0
1237,773.125,-0.0546875,0.0,1.0
1238,773.75,-0.046875,0.0,1.0
1239,774.375,-0.03125,-0.03125,1.0
1240,775.0,0.0,-0.046875,0.96875
1241,775.625,-0.03125,-0.0390625,1.0
1242,776.25,-0.0234375,-0.03125,1.0
1243,776.875,-0.03125,-0.03125,1.0
1244,777.5,-0.03125,0.0,1.03125
1245,778.125,-0.0234375,-0.0234375,1.0234375
1246,778.75,-0.015625,-0.0234375,1.015625
1247,779.375,-0.0390625,-0.0234375,0.9921875
1248,780.0,-0.0234375,-0.015625,0.9765625
1249,780.625,-0.03125,-0.0390625,0.9609375
1250,781.25,-0.03125,-0.0234375,0.9765625
1251,781.875,-0.03125,-0.015625,1.0
1252,782.5,0.0,-0.0390625,1.0
1253,783.125,-0.015625,-0.0390625,1.015625
1254,783.75,-0.0234375,-0.046875,1.0
1255,784.375,0.0,-0.03125,1.0
1256,785.0,-0.015625,-0.0390625,0.9921875
1257,785.625,-0.0234375,-0.0234375,1.0
1258,786.25,-0.03125,-0.046875,1.0
1259,786.875,-0.0234375,-0.03125,1.0
1260,787.5,-0.03125,-0.046875,1.0
1261,788.125,-0.046875,-0.015625,1.0
1262,788.75,-0.0390625,0.0,1.0
1263,789.375,-0.0390625,-0.0234375,0.9921875
1264,790.0,0.0,-0.0234375,0.9921875
1265,790.625,0.0,-0.0390625,1.0078125
1266,791.25,-0.015625,0.0,1.0
1267,791.875,-0.0390625,-0.015625,1.0
1268,792.5,-0.046875,0.0,1.0
1269,793.125,-0.078125,0.0,0.9921875
1270,793.75,-0.046875,0.0,1.0078125
1271,794.375,-0.0234375,0.0,0.9921875
1272,795.0,-0.03125,-0.0390625,1.0
1273,795.625,-0.015625,-0.046875,0.9921875
1274,796.25,-0.0234375,-0.0390625,1.0
1275,796.875,-0.0234375,-0.0390625,1.0
1276,797.5,0.0,-0.046875,1.0078125
1277,798.125,0.0,-0.0390625,1.0078125
1278,798.75,-0.015625,-0.03125,1.0234375
1279,799.375,0.0,-0.015625,1.0234375
1280,800.0,0.0,-0.046875,1.0
1281,800.625,0.0,-0.0390625,0.9921875
1282,801.25,0.0,-0.0390625,0.953125
1283,801.875,-0.0234375,-0.0234375,0.984375
1284,802.5,0.0,-0.0390625,0.96875
1285,803.125,0.0,-0.03125,1.0078125
1286,803.75,0.0,-0.046875,1.0
1287,804.375,-0.046875,-0.0234375,0.984375
1288,805.0,0.0,-0.03125,1.0
1289,805.625,-0.0234375,-0.03125,1.0
1290,806.25,-0.0234375,-0.03125,1.0
1291,806.875,0.0,-0.03125,1.0234375
1292,807.5,-0.015625,-0.0546875,0.9765625
1293,808.125,-0.015625,-0.0546875,0.9921875
1294,808.75,-0.03125,-0.0234375,0.984375
1295,809.375,-0.0234375,-0.03125,0.9921875
1296,810.0,0.015625,-0.03125,1.0
1297,810.625,0.0,-0.03125,1.0
1298,811.25,0.0,-0.0234375,1.0
1299,811.875,-0.03125,-0.0390625,1.0
1300,812.5,-0.0546875,-0.0234375,1.0
1301,813.125,-0.046875,0.0,1.0078125
1302,813.75,-0.0234375,0.0,0.9921875
1303,814.375,0.0,-0.03125,1.0
1304,815.0,-0.0234375,-0.0390625,1.0
1305,815.625,0.0,-0.0703125,0.984375
1306,816.25,0.0,-0.0546875,1.0
1307,816.875,0.0,-0.078125,0.9765625
1308,817.5,-0.015625,-0.0390625,0.9921875
1309,818.125,0.0,-0.0390625,1.0234375
1310,818.75,0.0,-0.0546875,1.015625
1311,819.375,0.0,-0.03125,1.03125
1312,820.0,0.0,-0.0625,1.0
1313,820.625,0.0,-0.0390625,0.96875
1314,821.25,0.0,-0.0546875,1.0
1315,821.875,0.0,-0.046875,0.9921875
1316,822.5,0.0,-0.0390625,1.0
1317,823.125,0.0,-0.015625,1.0
1318,823.75,-0.015625,-0.0234375,0.9921875
1319,824.375,0.0,-0.0390625,1.0078125
1320,825.0,-0.03125,-0.0390625,1.0
1321,825.625,-0.0078125,-0.0390625,1.0078125
1322,826.25,0.0,-0.0234375,0.9921875
1323,826.875,0.0,-0.0390625,1.0
1324,827.5,-0.015625,-0.0546875,1.0
1325,828.125,0.0,-0.03125,1.0
1326,828.75,-0.015625,-0.03125,1.0
1327,829.375,-0.0390625,-0.015625,1.0
1328,830.0,0.0,-0.0390625,1.0
1329,830.625,0.0,-0.0390625,1.0078125
1330,831.25,0.0234375,-0.03125,0.9921875
1331,831.875,0.03125,-0.046875,1.0
1332,832.5,0.0,-0.0390625,1.0078125
1333,833.125,-0.0390625,0.0,1.0
1334,833.75,-0.03125,0.0,1.0
1335,834.375,-0.03125,0.0078125,1.015625
1336,835.0,0.0,-0.0546875,1.0
1337,835.625,0.0,-0.0625,0.9921875
1338,836.25,0.0,-0.0703125,1.0
1339,836.875,0.0,-0.0234375,1.0
1340,837.5,0.0,-0.03125,1.0390625
1341,838.125,-0.015625,-0.0390625,1.0546875
1342,838.75,0.0,-0.046875,1.046875
1343,839.375,0.0,-0.0390625,1.0078125
1344,840.0,-0.0234375,-0.0390625,0.9765625
1345,840.625,0.0,-0.0234375,0.9765625
1346,841.25,-0.015625,-0.0234375,0.9453125
1347,841.875,0.0,-0.03125,1.0
1348,842.5,-0.0234375,-0.015625,1.0
1349,843.125,-0.03125,-0.0390625,0.9921875
1350,843.75,0.0,-0.0390625,1.0
1351,844.375,0.0,-0.015625,1.0
1352,845.0,0.0,-0.03125,1.0
1353,845.625,-0.015625,-0.0390625,1.0078125
1354,846.25,0.0,-0.046875,1.0078125
1355,846.875,0.0,-0.0390625,1.0
1356,847.5,-0.015625,-0.0234375,1.0
1357,848.125,-0.0234375,0.0,1.0
1358,848.75,-0.03125,-0.03125,0.984375
1359,849.375,0.015625,-0.015625,1.0
1360,850.0,0.0234375,-0.0546875,0.9921875
1361,850.625,0.0234375,-0.046875,0.9765625
1362,851.25,0.0,-0.0390625,1.0078125
1363,851.875,-0.046875,0.0,0.9921875
1364,852.5,-0.0625,0.0,1.0
1365,853.125,-0.046875,0.0234375,1.0078125
1366,853.75,-0.015625,0.0,1.0
1367,854.375,0.0,-0.0546875,0.9921875
1368,855.0,0.0,-0.0390625,1.0
1369,855.625,-0.015625,-0.0703125,0.9765625
1370,856.25,0.0,-0.0234375,1.0
1371,856.875,0.0,-0.046875,1.0234375
1372,857.5,0.0,-0.046875,1.046875
1373,858.125,0.0,-0.0234375,1.0546875
1374,858.75,-0.0234375,-0.03125,1.0546875
1375,859.375,0.0,-0.0390625,0.96875
1376,860.0,0.0,-0.0234375,0.96875
1377,860.625,0.0,-0.0234375,0.953125
1378,861.25,0.0,-0.015625,0.9375
1379,861.875,0.0,0.0,0.9921875
1380,862.5,-0.03125,-0.015625,1.0
1381,863.125,0.0,-0.0234375,0.9921875
1382,863.75,-0.03125,-0.0234375,1.0078125
1383,864.375,0.0,-0.0234375,0.984375
1384,865.0,-0.015625,-0.03125,1.0
1385,865.625,0.0,-0.0234375,1.015625
1386,866.25,-0.015625,-0.0234375,0.9921875
1387,866.875,-0.015625,-0.03125,0.9921875
1388,867.5,-0.015625,-0.0234375,1.0
1389,868.125,-0.0234375,-0.015625,1.0
1390,868.75,-0.015625,-0.03125,1.0
1391,869.375,0.0,-0.03125,1.0
1392,870.0,0.0,0.0,1.0
1393,870.625,0.0234375,-0.03125,1.0078125
1394,871.25,0.0234375,-0.03125,1.0
1395,871.875,0.015625,-0.0234375,1.0
1396,872.5,-0.046875,0.0,1.0
1397,873.125,-0.0625,0.0078125,0.9765625
1398,873.75,-0.078125,0.015625,1.0
1399,874.375,-0.0546875,0.03125,0.9921875
1400,875.0,-0.03125,0.0,1.0078125
1401,875.625,-0.015625,-0.046875,1.0
1402,876.25,-0.03125,-0.0546875,0.9921875
1403,876.875,-0.015625,-0.078125,0.9921875
1404,877.5,-0.03125,-0.03125,0.984375
1405,878.125,0.0,-0.03125,1.0390625
1406,878.75,-0.03125,-0.015625,1.0625
1407,879.375,-0.0390625,0.0,1.078125
1408,880.0,-0.0390625,0.0,1.0
1409,880.625,-0.03125,-0.0390625,0.96875
1410,881.25,-0.03125,-0.03125,0.9375
1411,881.875,-0.03125,-0.0234375,0.9453125
1412,882.5,-0.03125,0.0,0.9453125
1413,883.125,-0.015625,0.0,1.0
1414,883.75,-0.0234375,-0.03125,1.0
1415,884.375,-0.015625,-0.046875,1.0
1416,885.0,-0.015625,-0.03125,1.0
1417,885.625,-0.03125,-0.0234375,1.0
1418,886.25,0.0,-0.0546875,0.984375
1419,886.875,-0.0390625,-0.0234375,1.0
1420,887.5,-0.03125,-0.015625,1.0
1421,888.125,-0.015625,-0.03125,1.0078125
1422,888.75,-0.015625,-0.015625,1.0
1423,889.375,-0.0234375,0.0,1.0
1424,890.0,-0.0390625,0.0,1.0
1425,890.625,-0.015625,-0.03125,0.9765625
1426,891.25,0.0078125,-0.03125,1.0
1427,891.875,0.03125,-0.0390625,0.9765625
1428,892.5,0.0390625,-0.015625,0.984375
1429,893.125,-0.0703125,0.015625,0.9921875
1430,893.75,-0.0625,0.0078125,1.0
1431,894.375,-0.0625,0.0234375,1.0
1432,895.0,-0.0390625,0.0,1.0
1433,895.625,-0.03125,-0.0546875,1.0
1434,896.25,-0.0234375,-0.078125,0.984375
1435,896.875,-0.015625,-0.078125,0.953125
1436,897.5,0.0,-0.0546875,0.9921875
1437,898.125,-0.0234375,-0.03125,1.03125
1438,898.75,0.0,0.0,1.0390625
1439,899.375,0.0,-0.03125,1.0546875
1440,900.0,-0.03125,-0.03125,1.0390625
1441,900.625,-0.03125,0.0,1.0
1442,901.25,0.0,-0.015625,0.9453125
1443,901.875,0.0,0.0,0.8984375
1444,902.5,-0.0625,0.0,0.8984375
1445,903.125,-0.0390625,-0.0234375,0.9921875
1446,903.75,-0.0546875,-0.015625,0.984375
1447,904.375,-0.046875,0.0,0.9921875
1448,905.0,-0.0390625,-0.0234375,1.0
1449,905.625,-0.03125,0.0,1.0078125
1450,906.25,-0.03125,-0.0234375,1.0
1451,906.875,-0.015625,-0.015625,1.0
1452,907.5,-0.0234375,-0.015625,1.0
1453,908.125,-0.03125,-0.0234375,1.0
1454,908.75,0.0,-0.0234375,0.96875
1455,909.375,-0.046875,0.0,1.0
1456,910.0,-0.015625,0.0,0.9921875
1457,910.625,-0.0234375,0.0,1.0
1458,911.25,-0.0390625,0.0,1.0078125
1459,911.875,0.0390625,-0.015625,1.0
1460,912.5,0.0,0.0,1.0
1461,913.125,0.0234375,-0.0234375,1.0
1462,913.75,0.0234375,-0.0390625,1.015625
1463,914.375,0.0,0.0,1.0
1464,915.0,-0.0625,0.0078125,1.0078125
1465,915.625,-0.0546875,0.0,1.0078125
1466,916.25,0.0,0.03125,1.03125
1467,916.875,0.0,0.0234375,1.0
1468,917.5,-0.03125,-0.015625,0.9921875
1469,918.125,-0.015625,-0.015625,1.0
1470,918.75,-0.015625,0.0,0.9765625
1471,919.375,-0.015625,0.0,1.0
1472,920.0,0.0,-0.03125,1.0625
1473,920.625,-0.0078125,0.0,1.0546875
1474,921.25,-0.015625,-0.015625,1.1015625
1475,921.875,-0.0390625,-0.0390625,1.03125
1476,922.5,0.0,-0.0234375,1.0
1477,923.125,-0.015625,-0.0234375,1.0
1478,923.75,-0.0234375,-0.0234375,1.015625
1479,924.375,0.0,-0.046875,1.0078125
1480,925.0,-0.0078125,-0.03125,0.9921875
1481,925.625,-0.0234375,-0.0390625,1.0
1482,926.25,-0.015625,-0.0390625,1.0
1483,926.875,-0.0625,0.0,1.0
1484,927.5,-0.0390625,0.0,1.0078125
1485,928.125,-0.03125,-0.03125,1.0
1486,928.75,0.0,-0.0546875,1.0
1487,929.375,-0.03125,0.0,0.9921875
1488,930.0,-0.03125,0.0,1.0
1489,930.625,-0.0234375,-0.03125,0.9921875
1490,931.25,-0.0234375,0.0,1.0
1491,931.875,-0.03125,-0.0234375,1.015625
1492,932.5,-0.0234375,-0.0390625,1.015625
1493,933.125,-0.0390625,-0.0234375,1.0
1494,933.75,0.0,-0.03125,1.0
1495,934.375,-0.0234375,-0.0234375,0.984375
1496,935.0,-0.015625,-0.0234375,1.0
1497,935.625,-0.03125,0.0,1.0
1498,936.25,-0.046875,0.0,1.0
1499,936.875,-0.0234375,-0.03125,1.0
1500,937.5,-0.015625,0.0,1.0078125
1501,938.125,-0.015625,-0.03125,1.0
1502,938.75,-0.0390625,-0.0390625,1.0
1503,939.375,0.0,-0.0234375,1.0078125
1504,940.0,-0.03125,-0.015625,1.0
1505,940.625,-0.03125,-0.015625,1.0
1506,941.25,-0.03125,-0.03125,1.0
1507,941.875,-0.046875,0.0,1.0078125
1508,942.5,-0.03125,0.0,1.0
1509,943.125,-0.015625,-0.0078125,1.0
1510,943.75,-0.046875,0.0,0.9921875
1511,944.375,-0.015625,-0.0234375,1.015625
1512,945.0,-0.0390625,-0.0078125,1.0078125
1513,945.625,-0.046875,0.0,0.9921875
1514,946.25,-0.046875,0.0078125,0.9921875
1515,946.875,0.0,0.0078125,1.015625
1516,947.5,-0.03125,-0.0234375,1.0
1517,948.125,-0.0234375,-0.015625,1.0078125
1518,948.75,-0.015625,-0.0390625,1.015625
1519,949.375,0.0,-0.0234375,1.0078125
1520,950.0,-0.03125,-0.03125,1.0078125
1521,950.625,-0.03125,-0.015625,1.0
1522,951.25,0.0,-0.03125,0.9921875
1523,951.875,-0.0390625,-0.015625,1.0
1524,952.5,-0.015625,-0.03125,0.9765625
1525,953.125,-0.0390625,-0.0234375,1.0
1526,953.75,-0.015625,-0.0234375,1.0
1527,954.375,-0.015625,-0.015625,1.0
1528,955.0,-0.015625,-0.03125,1.0078125
1529,955.625,-0.015625,-0.0234375,1.0
1530,956.25,-0.03125,-0.0234375,1.0
1531,956.875,-0.03125,0.0,0.984375
1532,957.5,-0.0390625,0.0,1.0
1533,958.125,-0.0234375,0.0,1.0
1534,958.75,0.0,-0.03125,1.0
1535,959.375,-0.03125,-0.0234375,0.984375
1536,960.0,-0.03125,-0.015625,1.0
1537,960.625,-0.015625,-0.0390625,1.0
1538,961.25,0.0,-0.0234375,1.0
1539,961.875,-0.015625,-0.03125,1.0
1540,962.5,-0.0234375,-0.0390625,1.0
1541,963.125,-0.03125,-0.0234375,1.0078125
1542,963.75,-0.03125,0.0,1.0
1543,964.375,-0.03125,-0.03125,1.0
1544,965.0,-0.0390625,-0.03125,0.9765625
1545,965.625,-0.015625,-0.0390625,0.9921875
1546,966.25,-0.0234375,0.0,1.0
1547,966.875,-0.0234375,0.0,1.0
1548,967.5,-0.046875,-0.015625,1.0
1549,968.125,-0.03125,-0.015625,1.0
1550,968.75,-0.03125,-0.0234375,1.03125
1551,969.375,-0.0234375,-0.046875,1.015625
1552,970.0,0.0,0.0,1.0
1553,970.625,-0.046875,-0.015625,1.0
1554,971.25,-0.0390625,-0.0234375,0.9921875
1555,971.875,-0.015625,-0.03125,1.015625
1556,972.5,0.0,-0.015625,1.0078125
1557,973.125,-0.03125,0.0,1.0078125
1558,973.75,-0.0390625,0.0,1.015625
1559,974.375,-0.03125,-0.015625,1.0078125
1560,975.0,-0.0234375,0.0,1.0
1561,975.625,-0.0234375,0.0,0.9921875
1562,976.25,-0.0234375,0.0,1.0078125
1563,976.875,-0.046875,0.0,1.0
1564,977.5,-0.03125,-0.0234375,1.0
1565,978.125,-0.03125,-0.015625,0.9921875
1566,978.75,-0.0234375,-0.03125,1.015625
1567,979.375,-0.03125,0.0,1.0
1568,980.0,-0.015625,-0.015625,1.0
1569,980.625,-0.03125,-0.0390625,1.0
1570,981.25,-0.0390625,-0.0234375,1.0
1571,981.875,0.0,-0.015625,0.984375
1572,982.5,-0.0390625,0.0,1.0
1573,983.125,-0.015625,-0.015625,1.0078125
1574,983.75,-0.015625,0.0,1.0
1575,984.375,-0.03125,-0.015625,1.0
1576,985.0,-0.0234375,-0.03125,1.0
1577,985.625,0.0,-0.0390625,1.0
1578,986.25,-0.0390625,0.0,1.0
1579,986.875,0.0,-0.0390625,1.0
1580,987.5,-0.0234375,-0.015625,1.0
1581,988.125,-0.0234375,0.0,1.0
1582,988.75,-0.015625,0.0,1.0
1583,989.375,-0.0390625,0.0,1.0
1584,990.0,-0.0234375,-0.03125,0.9921875
1585,990.625,-0.03125,0.0,1.0078125
1586,991.25,-0.03125,0.0,1.0
1587,991.875,0.0,-0.03125,0.984375
1588,992.5,-0.0234375,-0.0234375,1.015625
1589,993.125,-0.0234375,-0.0234375,1.0
1590,993.75,-0.046875,-0.015625,1.0
1591,994.375,-0.0234375,-0.03125,0.9921875
1592,995.0,-0.03125,0.0,1.0
1593,995.625,-0.0234375,0.0,1.0
1594,996.25,-0.0234375,-0.015625,1.0
1595,996.875,-0.03125,0.0,1.015625
1596,997.5,-0.03125,0.0,1.0
1597,998.125,-0.046875,-0.015625,1.0078125
1598,998.75,-0.0234375,0.0,0.9921875
1599,999.375,-0.0234375,-0.03125,1.0
1600,1000.0,-0.0234375,0.0,1.0
1601,1000.625,0.0,-0.03125,1.0078125
1602,1001.25,-0.0234375,0.0,1.0
1603,1001.875,-0.03125,-0.0234375,1.0
1604,1002.5,0.0,0.0,0.984375
1605,1003.125,-0.03125,0.0,1.0
1606,1003.75,-0.015625,-0.03125,1.0
1607,1004.375,-0.03125,-0.0234375,1.0
1608,1005.0,-0.03125,0.0,1.0
1609,1005.625,-0.0234375,-0.0234375,1.0
1610,1006.25,-0.03125,0.0,1.0
1611,1006.875,-0.0234375,-0.0078125,1.0
1612,1007.5,-0.015625,-0.03125,1.0
1613,1008.125,0.0,-0.015625,1.0078125
1614,1008.75,-0.0234375,0.0,0.984375
1615,1009.375,-0.03125,-0.0234375,1.0
1616,1010.0,-0.0234375,0.0,0.9921875
1617,1010.625,-0.03125,-0.0390625,1.0
1618,1011.25,-0.0234375,-0.015625,0.9765625
1619,1011.875,-0.0234375,-0.015625,1.0
1620,1012.5,-0.0546875,0.0,1.0
1621,1013.125,-0.03125,0.0078125,0.9921875
1622,1013.75,-0.015625,-0.015625,1.0
1623,1014.375,0.0,-0.03125,0.984375
1624,1015.0,-0.03125,0.0,1.0
1625,1015.625,0.0,-0.0234375,1.0
1626,1016.25,-0.015625,-0.03125,0.984375
1627,1016.875,-0.03125,0.0,1.0
1628,1017.5,-0.0390625,0.0,0.9921875
1629,1018.125,0.0,-0.0234375,1.0
1630,1018.75,0.0,-0.0234375,1.0
1631,1019.375,-0.0078125,-0.0234375,1.0
1632,1020.0,-0.015625,-0.03125,1.0
1633,1020.625,0.0,-0.0390625,0.984375
1634,1021.25,-0.015625,-0.0234375,1.0
1635,1021.875,-0.0234375,0.0,0.9765625
1636,1022.5,-0.0234375,-0.0234375,1.0
1637,1023.125,-0.03125,0.0,0.9921875
1638,1023.75,0.0,-0.0234375,1.0
1639,1024.375,-0.03125,-0.015625,1.0
1640,1025.0,-0.0390625,-0.015625,0.9921875
1641,1025.625,-0.0234375,-0.015625,0.984375
1642,1026.25,-0.0234375,0.0,0.984375
1643,1026.875,0.0,-0.015625,0.984375
1644,1027.5,-0.015625,-0.0234375,0.9921875
1645,1028.125,-0.0390625,0.0,0.9921875
1646,1028.75,-0.03125,0.0,0.9765625
1647,1029.375,-0.0390625,-0.03125,1.0
1648,1030.0,-0.015625,-0.0234375,1.0
1649,1030.625,-0.0234375,-0.015625,0.9921875
1650,1031.25,-0.0234375,0.0,1.0
1651,1031.875,-0.03125,0.0,1.0
1652,1032.5,-0.03125,0.0,1.0
1653,1033.125,-0.03125,-0.015625,0.9921875
1654,1033.75,-0.0234375,0.0,1.0078125
1655,1034.375,-0.015625,-0.03125,1.0
1656,1035.0,0.0,0.0,0.9921875
1657,1035.625,-0.0390625,-0.0234375,0.9921875
1658,1036.25,-0.03125,0.0,1.0
1659,1036.875,-0.03125,-0.015625,1.0078125
1660,1037.5,-0.0234375,0.0,1.0
1661,1038.125,-0.03125,-0.03125,1.0
1662,1038.75,-0.0234375,0.0,0.9921875
1663,1039.375,-0.0390625,0.0,1.0
1664,1040.0,0.0,-0.0234375,1.0
1665,1040.625,-0.0234375,-0.0390625,0.9921875
1666,1041.25,-0.015625,0.0,0.9921875
1667,1041.875,-0.0234375,-0.015625,1.0
1668,1042.5,-0.046875,0.0,1.0
1669,1043.125,0.0,-0.0234375,0.9921875
1670,1043.75,-0.015625,0.0,0.9765625
1671,1044.375,-0.015625,-0.0234375,1.0
1672,1045.0,-0.03125,0.0,1.0
1673,1045.625,-0.03125,0.0,1.0
1674,1046.25,-0.03125,-0.03125,1.0
1675,1046.875,-0.03125,0.0,1.0
1676,1047.5,-0.0234375,0.0,0.9921875
1677,1048.125,0.0,-0.0234375,1.0
1678,1048.75,-0.015625,-0.015625,1.0
1679,1049.375,-0.0390625,0.0,1.0
1680,1050.0,-0.015625,0.0,1.0
1681,1050.625,-0.03125,0.0,1.0
1682,1051.25,-0.0234375,0.0,1.0
1683,1051.875,-0.0234375,0.0,1.0
1684,1052.5,-0.0234375,-0.015625,1.0
1685,1053.125,-0.0234375,0.0,1.0
1686,1053.75,-0.015625,0.0,1.0
1687,1054.375,-0.015625,-0.0234375,0.9921875
1688,1055.0,-0.0234375,-0.015625,1.0
1689,1055.625,-0.015625,0.0,0.9765625
1690,1056.25,-0.015625,-0.015625,1.0
1691,1056.875,-0.0234375,0.0,1.0
1692,1057.5,-0.0234375,0.0,0.984375
1693,1058.125,-0.015625,0.0,1.0
1694,1058.75,-0.015625,-0.015625,1.0
1695,1059.375,-0.015625,0.0,1.0
1696,1060.0,-0.03125,0.0,1.0234375
1697,1060.625,-0.03125,-0.015625,0.9921875
1698,1061.25,0.0,0.0,1.0
1699,1061.875,-0.03125,0.0,1.0078125
1700,1062.5,-0.015625,0.0,1.0078125
1701,1063.125,0.0,0.0,0.9921875
1702,1063.75,-0.0234375,-0.0078125,0.984375
1703,1064.375,0.0,-0.0390625,0.9921875
1704,1065.0,0.0,-0.0234375,1.0
1705,1065.625,-0.0234375,-0.0390625,1.0
1706,1066.25,-0.015625,0.0,1.0078125
1707,1066.875,-0.0234375,-0.0234375,1.0
1708,1067.5,0.0,0.0,0.984375
1709,1068.125,-0.015625,0.0,1.0078125
1710,1068.75,-0.03125,-0.0234375,1.0
1711,1069.375,-0.015625,-0.015625,1.0
1712,1070.0,-0.0234375,-0.015625,1.0
1713,1070.625,-0.015625,0.0,1.0
1714,1071.25,-0.03125,0.0,1.0
1715,1071.875,0.0,0.0,0.9921875
1716,1072.5,-0.03125,0.0,0.9921875
1717,1073.125,-0.0390625,0.0,1.0
1718,1073.75,-0.015625,-0.03125,1.0
1719,1074.375,-0.015625,0.0,1.0
1720,1075.0,-0.015625,-0.0234375,1.015625
1721,1075.625,-0.03125,0.0,1.015625
1722,1076.25,0.0,0.0,1.0078125
1723,1076.875,0.0,-0.0234375,1.0234375
1724,1077.5,-0.015625,0.0,1.0
1725,1078.125,0.0,-0.0390625,1.0
1726,1078.75,0.0,-0.0234375,0.9921875
1727,1079.375,-0.015625,0.0,1.0234375
1728,1080.0,-0.015625,-0.0390625,1.0
1729,1080.625,0.0,-0.03125,1.0
1730,1081.25,0.0,-0.0390625,0.984375
1731,1081.875,-0.0234375,-0.03125,1.0
1732,1082.5,-0.015625,-0.0390625,1.0234375
1733,1083.125,-0.015625,-0.0234375,1.0
1734,1083.75,0.0,-0.0234375,0.984375
1735,1084.375,-0.0234375,-0.0234375,0.9921875
1736,1085.0,0.0,-0.03125,0.9765625
1737,1085.625,0.0,-0.0234375,1.015625
1738,1086.25,-0.03125,-0.0390625,0.9921875
1739,1086.875,0.0,-0.03125,1.0
1740,1087.5,-0.015625,-0.046875,1.0
1741,1088.125,0.0,-0.0390625,1.0
1742,1088.75,-0.0234375,-0.0234375,1.0234375
1743,1089.375,0.0,-0.046875,0.9921875
1744,1090.0,0.0,-0.0234375,0.9765625
1745,1090.625,-0.03125,-0.0234375,1.0
1746,1091.25,-0.03125,-0.046875,0.9921875
1747,1091.875,0.0,-0.0234375,1.0
1748,1092.5,0.0,-0.0625,0.9921875
1749,1093.125,0.0,-0.046875,0.9921875
1750,1093.75,-0.015625,-0.0546875,0.9921875
1751,1094.375,0.0,-0.0546875,1.0078125
1752,1095.0,0.0,-0.0390625,1.0
1753,1095.625,0.0,-0.046875,0.9921875
1754,1096.25,0.0,-0.0703125,0.9921875
1755,1096.875,-0.015625,-0.0390625,1.0
1756,1097.5,0.0,-0.0546875,1.0
1757,1098.125,-0.0234375,-0.0546875,1.0
1758,1098.75,-0.0234375,-0.046875,1.0
1759,1099.375,0.0,-0.0625,1.0
1760,1100.0,0.0,-0.0625,1.0
1761,1100.625,0.0,-0.0703125,0.984375
1762,1101.25,0.0,-0.0703125,1.0
1763,1101.875,-0.03125,-0.0625,1.0
1764,1102.5,-0.0234375,-0.0546875,0.984375
1765,1103.125,-0.0234375,-0.046875,0.984375
1766,1103.75,-0.015625,-0.0625,0.9921875
1767,1104.375,0.0,-0.0390625,0.9921875
1768,1105.0,0.0,-0.0625,1.0
1769,1105.625,-0.0078125,-0.078125,0.9921875
1770,1106.25,-0.015625,-0.046875,0.96875
1771,1106.875,-0.0234375,-0.0390625,0.9921875
1772,1107.5,-0.015625,-0.046875,1.0
1773,1108.125,-0.0234375,-0.0625,1.0
1774,1108.75,0.0,-0.0625,0.9921875
1775,1109.375,0.0,-0.0625,0.9921875
1776,1110.0,0.0,-0.0546875,1.0
1777,1110.625,0.0,-0.0546875,0.9921875
1778,1111.25,-0.0234375,-0.015625,1.0078125
1779,1111.875,-0.015625,-0.03125,1.0
1780,1112.5,-0.03125,-0.0234375,1.0
1781,1113.125,0.0,-0.015625,1.0
1782,1113.75,-0.015625,-0.0234375,1.0
1783,1114.375,-0.0234375,0.0,0.984375
1784,1115.0,0.0,-0.0390625,1.0
1785,1115.625,-0.0234375,0.0,1.0
1786,1116.25,-0.015625,0.0,1.0
1787,1116.875,0.0,0.0,1.0
1788,1117.5,-0.03125,0.0,1.0
1789,1118.125,0.0,0.0,1.0
1790,1118.75,-0.0234375,0.0,1.0078125
1791,1119.375,0.0,0.0,1.0
1792,1120.0,-0.015625,0.0,0.9765625
1793,1120.625,-0.0234375,0.0078125,1.0
1794,1121.25,0.0,0.0,1.0
1795,1121.875,-0.03125,0.0,1.0
1796,1122.5,0.0,0.0,1.0078125
1797,1123.125,0.0,0.0078125,1.0
1798,1123.75,-0.03125,0.015625,1.0
1799,1124.375,0.0,0.0,1.0078125
1800,1125.0,-0.03125,0.0,1.0078125
1801,1125.625,0.0,0.0234375,1.0
1802,1126.25,-0.03125,0.0234375,1.0
1803,1126.875,-0.015625,0.015625,1.0
1804,1127.5,0.0,0.0,1.0
1805,1128.125,-0.03125,0.0,1.0234375
1806,1128.75,0.0,0.0234375,1.0234375
1807,1129.375,0.0,0.015625,1.0078125
1808,1130.0,0.0,0.0078125,1.0
1809,1130.625,-0.015625,0.015625,1.0078125
1810,1131.25,-0.0234375,0.03125,1.0
1811,1131.875,-0.0234375,0.03125,1.0078125
1812,1132.5,-0.0234375,0.0234375,1.0078125
1813,1133.125,0.0,0.03125,1.0078125
1814,1133.75,0.0,0.0234375,1.03125
1815,1134.375,0.0,0.0234375,1.0078125
1816,1135.0,0.0,0.015625,0.9921875
1817,1135.625,0.0,0.0234375,1.0
1818,1136.25,0.0,0.03125,1.0078125
1819,1136.875,0.0,0.015625,1.0234375
1820,1137.5,0.0,0.0234375,1.0078125
1821,1138.125,0.0,0.015625,1.03125
1822,1138.75,0.0,0.015625,1.015625
1823,1139.375,0.0,0.015625,1.015625
1824,1140.0,0.0,0.0078125,1.0234375
1825,1140.625,-0.015625,0.0234375,1.0234375
1826,1141.25,-0.015625,0.015625,1.0234375
1827,1141.875,-0.0234375,0.0078125,1.015625
1828,1142.5,-0.0390625,0.0234375,1.0
1829,1143.125,0.0,0.0,1.0078125
1830,1143.75,0.0,0.0,1.0
1831,1144.375,-0.0234375,0.0078125,1.0078125
1832,1145.0,0.0,0.0,1.0078125
1833,1145.625,-0.015625,0.0078125,1.0078125
1834,1146.25,0.0,0.0,1.0078125
1835,1146.875,-0.015625,0.0,1.0078125
1836,1147.5,-0.015625,0.0,1.0
1837,1148.125,0.0,0.0,1.0
1838,1148.75,0.0,-0.0234375,1.0
1839,1149.375,-0.0234375,-0.0390625,1.0
1840,1150.0,0.0,0.0,1.0
1841,1150.625,0.0,0.0,1.0078125
1842,1151.25,-0.015625,-0.015625,1.0
1843,1151.875,-0.03125,0.0,1.0234375
1844,1152.5,-0.03125,-0.015625,1.0078125
1845,1153.125,-0.015625,-0.0234375,1.0234375
1846,1153.75,0.0,-0.0234375,1.015625
1847,1154.375,-0.0234375,-0.0390625,1.015625
1848,1155.0,-0.015625,-0.03125,1.0078125
1849,1155.625,0.0,-0.0390625,1.015625
1850,1156.25,-0.0390625,-0.03125,1.015625
1851,1156.875,-0.03125,-0.0234375,1.0
1852,1157.5,-0.03125,0.0,0.984375
1853,1158.125,-0.015625,-0.046875,1.0
1854,1158.75,-0.03125,-0.03125,1.0
1855,1159.375,0.0,-0.0390625,1.0
1856,1160.0,-0.0390625,-0.046875,1.0
1857,1160.625,-0.03125,-0.046875,0.9921875
1858,1161.25,-0.046875,-0.0234375,0.9921875
1859,1161.875,-0.03125,-0.0390625,1.0
1860,1162.5,-0.015625,-0.046875,1.0
1861,1163.125,-0.015625,-0.0390625,1.0
1862,1163.75,-0.03125,-0.0234375,1.0
1863,1164.375,-0.0234375,-0.046875,1.0
1864,1165.0,-0.015625,-0.0390625,1.0
1865,1165.625,-0.0390625,-0.0546875,1.0
1866,1166.25,-0.03125,-0.0546875,1.0
1867,1166.875,-0.0546875,-0.03125,1.0
1868,1167.5,-0.03125,-0.0625,0.984375
1869,1168.125,-0.046875,-0.046875,1.0
1870,1168.75,-0.03125,-0.0390625,0.9765625
1871,1169.375,-0.03125,-0.0390625,0.96875
1872,1170.0,-0.03125,-0.046875,1.0078125
1873,1170.625,-0.0390625,-0.046875,1.0
1874,1171.25,-0.03125,-0.046875,1.0
1875,1171.875,-0.0234375,-0.046875,0.9921875
1876,1172.5,-0.0234375,-0.046875,1.0
1877,1173.125,-0.03125,-0.03125,1.0
1878,1173.75,-0.0234375,-0.0390625,0.9921875
1879,1174.375,-0.046875,-0.03125,0.9921875
1880,1175.0,-0.03125,-0.0546875,1.0
1881,1175.625,-0.046875,-0.046875,0.9765625
1882,1176.25,-0.0390625,-0.03125,0.9921875
1883,1176.875,-0.046875,-0.046875,1.0
1884,1177.5,-0.015625,-0.046875,0.984375
1885,1178.125,-0.0390625,-0.046875,1.0
1886,1178.75,-0.0234375,-0.046875,1.0078125
1887,1179.375,-0.03125,-0.046875,0.984375
1888,1180.0,-0.0234375,-0.0390625,0.9765625
1889,1180.625,-0.03125,-0.015625,0.9921875
1890,1181.25,-0.046875,-0.0390625,1.0
1891,1181.875,-0.0234375,-0.03125,0.9921875
1892,1182.5,-0.0390625,-0.0234375,1.0078125
1893,1183.125,-0.0390625,-0.015625,1.0
1894,1183.75,-0.046875,-0.03125,0.9921875
1895,1184.375,-0.03125,-0.015625,0.9921875
1896,1185.0,-0.03125,-0.0546875,0.9765625
1897,1185.625,-0.0078125,-0.03125,0.9921875
1898,1186.25,-0.03125,-0.0390625,1.0
1899,1186.875,-0.03125,-0.0234375,0.9921875
1900,1187.5,-0.0234375,-0.046875,0.984375
1901,1188.125,-0.0390625,-0.0390625,1.0
1902,1188.75,-0.0234375,-0.046875,0.9921875
1903,1189.375,-0.0234375,-0.0390625,0.984375
1904,1190.0,-0.046875,-0.0390625,0.984375
1905,1190.625,-0.015625,-0.0625,0.9921875
1906,1191.25,-0.0390625,-0.0390625,1.0
1907,1191.875,-0.0390625,-0.0390625,1.0
1908,1192.5,-0.03125,-0.046875,0.9921875
1909,1193.125,-0.03125,-0.0546875,1.0
1910,1193.75,-0.03125,-0.0390625,0.9921875
1911,1194.375,-0.046875,-0.015625,0.984375
1912,1195.0,-0.015625,-0.0546875,1.0
1913,1195.625,0.0,-0.0390625,0.984375
1914,1196.25,-0.015625,-0.0390625,1.0
1915,1196.875,-0.015625,-0.046875,1.0
1916,1197.5,-0.015625,-0.015625,1.0
1917,1198.125,-0.0234375,-0.03125,1.0
1918,1198.75,-0.03125,0.0,1.0
1919,1199.375,-0.0234375,-0.0390625,1.0
1920,1200.0,-0.03125,-0.0390625,1.0
1921,1200.625,-0.0390625,-0.03125,1.0
1922,1201.25,-0.03125,-0.0625,0.984375
1923,1201.875,-0.015625,-0.03125,1.0
1924,1202.5,-0.015625,-0.0234375,0.984375
1925,1203.125,0.0,-0.046875,0.9921875
1926,1203.75,0.0,-0.0390625,0.9921875
1927,1204.375,-0.03125,-0.0234375,0.9921875
1928,1205.0,-0.0234375,-0.0234375,1.0
1929,1205.625,-0.0234375,0.0,0.9921875
1930,1206.25,-0.0234375,-0.015625,1.0
1931,1206.875,-0.03125,-0.03125,1.0
1932,1207.5,-0.03125,-0.03125,1.0078125
1933,1208.125,-0.03125,0.0,0.9765625
1934,1208.75,-0.03125,-0.0234375,1.0
1935,1209.375,0.0,-0.03125,1.0078125
1936,1210.0,-0.015625,-0.015625,0.984375
1937,1210.625,0.0,-0.0390625,1.0
1938,1211.25,0.0,-0.03125,0.9921875
1939,1211.875,-0.015625,-0.0234375,0.9921875
1940,1212.5,-0.0234375,-0.015625,1.0
1941,1213.125,-0.0234375,-0.03125,1.0
1942,1213.75,0.0,-0.0234375,1.0
1943,1214.375,-0.046875,0.0,1.0078125
1944,1215.0,-0.03125,0.0,1.0
1945,1215.625,0.0,0.0,1.0078125
1946,1216.25,0.0,0.0,1.0
1947,1216.875,-0.03125,0.0,1.0
1948,1217.5,-0.046875,0.0,1.015625
1949,1218.125,-0.03125,-0.0234375,1.0
1950,1218.75,-0.0234375,-0.015625,1.0
1951,1219.375,0.0,-0.0234375,1.0
1952,1220.0,-0.03125,0.0,1.0
1953,1220.625,-0.0390625,0.0,1.0
1954,1221.25,-0.0390625,0.0,1.015625
1955,1221.875,-0.0546875,0.0,1.015625
1956,1222.5,-0.03125,0.0,1.0078125
1957,1223.125,0.0,0.0,1.0
1958,1223.75,-0.03125,0.0,1.0
1959,1224.375,-0.03125,0.0,1.0
1960,1225.0,-0.0234375,0.0,1.0
1961,1225.625,-0.03125,0.0,1.0078125
1962,1226.25,-0.03125,0.0,1.0
1963,1226.875,-0.0078125,0.0,1.0234375
1964,1227.5,-0.0234375,0.0,1.0078125
1965,1228.125,-0.015625,0.0,1.015625
1966,1228.75,-0.015625,-0.015625,1.0
1967,1229.375,-0.0390625,0.0,1.0
1968,1230.0,-0.0390625,0.0,1.0234375
1969,1230.625,-0.0234375,0.0,1.0
1970,1231.25,-0.03125,0.0,1.0
1971,1231.875,-0.046875,0.0,1.03125
1972,1232.5,-0.03125,-0.015625,1.015625
1973,1233.125,-0.03125,0.0,1.0078125
1974,1233.75,-0.03125,0.0,1.015625
1975,1234.375,-0.0234375,-0.015625,1.0
1976,1235.0,0.0,0.0,1.0
1977,1235.625,-0.015625,0.0,1.0078125
1978,1236.25,-0.015625,-0.0234375,1.0
1979,1236.875,-0.015625,-0.015625,1.0
1980,1237.5,-0.015625,0.0,1.015625
1981,1238.125,0.0,-0.015625,0.984375
1982,1238.75,-0.015625,0.0,1.0078125
1983,1239.375,-0.0234375,0.0,1.0
1984,1240.0,-0.03125,0.0,1.0
1985,1240.625,-0.0234375,0.0,0.9921875
1986,1241.25,0.0,0.0,1.0
1987,1241.875,-0.015625,0.0,0.9921875
1988,1242.5,-0.015625,0.0,1.0
1989,1243.125,-0.03125,0.0,1.0
1990,1243.75,0.0,0.0,1.0
1991,1244.375,-0.0390625,-0.0234375,1.0
1992,1245.0,-0.0234375,0.0,1.0
1993,1245.625,-0.015625,-0.015625,1.0
1994,1246.25,-0.03125,0.0,1.0078125
1995,1246.875,-0.015625,-0.03125,1.0
1996,1247.5,-0.03125,0.0,1.0
1997,1248.125,-0.015625,0.0,1.0
1998,1248.75,0.0,0.0,1.0078125
1999,1249.375,0.0,0.0,1.0
2000,1250.0,-0.015625,-0.015625,1.0
2001,1250.625,-0.015625,0.0,1.0
2002,1251.25,0.0,-0.03125,0.9921875
2003,1251.875,0.0,-0.0234375,0.9921875
2004,1252.5,0.0,-0.015625,1.0
2005,1253.125,-0.015625,-0.015625,1.0
2006,1253.75,-0.03125,0.0,1.0
2007,1254.375,0.0,-0.03125,0.9921875
2008,1255.0,0.0,-0.015625,1.0
2009,1255.625,-0.0234375,0.0,1.0
2010,1256.25,-0.03125,-0.015625,1.0234375
2011,1256.875,-0.0234375,-0.03125,0.9921875
2012,1257.5,-0.015625,-0.015625,1.0078125
2013,1258.125,-0.015625,0.0,1.0
2014,1258.75,0.0,0.0,1.0
2015,1259.375,0.0,-0.0234375,1.0
2016,1260.0,-0.03125,0.0,0.96875
2017,1260.625,-0.0234375,0.0,1.0
2018,1261.25,0.0,-0.0234375,1.0
2019,1261.875,0.0,0.0,1.0078125
2020,1262.5,0.0,-0.0234375,1.0
2021,1263.125,-0.015625,0.0,1.0
2022,1263.75,0.0,-0.0234375,1.0234375
2023,1264.375,-0.015625,-0.0234375,1.0
2024,1265.0,-0.0390625,-0.03125,1.0
2025,1265.625,-0.0234375,-0.015625,1.0
2026,1266.25,-0.0234375,0.0,0.984375
2027,1266.875,0.0,-0.03125,1.0
2028,1267.5,-0.0234375,-0.0234375,1.0
2029,1268.125,0.0,-0.03125,1.0
2030,1268.75,0.0,-0.0234375,1.0078125
2031,1269.375,0.0,0.0,0.9921875
2032,1270.0,0.0,-0.0234375,1.0
2033,1270.625,0.0,-0.03125,1.0
2034,1271.25,0.0,-0.015625,1.0
2035,1271.875,-0.0234375,-0.03125,0.984375
2036,1272.5,-0.015625,-0.03125,0.984375
2037,1273.125,-0.015625,-0.015625,1.0
2038,1273.75,-0.0234375,-0.0234375,1.0
2039,1274.375,-0.015625,-0.0390625,0.984375
2040,1275.0,-0.0234375,-0.03125,1.0
2041,1275.625,0.0,-0.0390625,0.9921875
2042,1276.25,-0.015625,0.0,0.9921875
2043,1276.875,-0.03125,-0.0234375,1.0
2044,1277.5,-0.015625,-0.03125,0.9921875
2045,1278.125,-0.015625,-0.0234375,1.0
2046,1278.75,0.0,-0.03125,0.9921875
2047,1279.375,0.0,-0.015625,1.0
2048,1280.0,-0.0234375,0.0,1.0
2049,1280.625,-0.015625,-0.015625,1.0
2050,1281.25,-0.015625,0.0,1.0
2051,1281.875,-0.0234375,-0.046875,1.0
2052,1282.5,-0.0234375,-0.03125,0.9921875
2053,1283.125,0.0,-0.0234375,1.015625
2054,1283.75,-0.015625,0.0,1.015625
2055,1284.375,-0.015625,-0.0234375,1.0
2056,1285.0,0.0,-0.015625,0.984375
2057,1285.625,-0.015625,0.0,1.0
2058,1286.25,-0.0234375,-0.03125,1.0
2059,1286.875,-0.015625,-0.015625,1.0
2060,1287.5,-0.0234375,-0.0390625,1.0
2061,1288.125,-0.0234375,-0.03125,1.0078125
2062,1288.75,0.0,-0.015625,1.0
2063,1289.375,-0.03125,-0.03125,1.0
2064,1290.0,-0.03125,-0.0390625,1.0078125
2065,1290.625,-0.015625,-0.0234375,1.0078125
2066,1291.25,-0.015625,0.0,1.0
2067,1291.875,-0.03125,0.0,1.0
2068,1292.5,0.0,-0.0234375,1.0078125
2069,1293.125,0.0,-0.0390625,0.9765625
2070,1293.75,0.0,-0.03125,1.0078125
2071,1294.375,-0.015625,-0.03125,1.0078125
2072,1295.0,-0.015625,-0.0234375,1.0078125
2073,1295.625,-0.015625,-0.03125,0.96875
2074,1296.25,0.0,-0.0234375,1.0
2075,1296.875,0.0,-0.015625,1.0078125
2076,1297.5,0.0,-0.0390625,1.0
2077,1298.125,0.0,-0.0234375,1.0078125
2078,1298.75,-0.0234375,-0.0078125,1.0
2079,1299.375,0.0,0.0,1.0078125
2080,1300.0,0.0,0.0,0.9921875
2081,1300.625,-0.015625,-0.0234375,1.0
2082,1301.25,-0.015625,-0.03125,1.0
2083,1301.875,-0.015625,0.0,1.0
2084,1302.5,0.0,-0.03125,1.0
2085,1303.125,0.0,-0.0234375,1.0
2086,1303.75,-0.015625,-0.03125,0.9921875
2087,1304.375,-0.015625,-0.015625,1.0
2088,1305.0,0.0,-0.03125,1.0
2089,1305.625,-0.0234375,-0.0234375,1.0
2090,1306.25,-0.0234375,-0.0234375,1.0
2091,1306.875,0.0,-0.0390625,1.0
2092,1307.5,0.0,0.0,0.984375
2093,1308.125,-0.0234375,0.0,1.0234375
2094,1308.75,0.0,-0.0234375,1.0
2095,1309.375,-0.015625,0.0,1.015625
2096,1310.0,-0.03125,0.0,1.0078125
2097,1310.625,0.0,-0.0234375,0.9921875
2098,1311.25,-0.015625,-0.015625,1.0
2099,1311.875,-0.0234375,0.0,1.0
2100,1312.5,-0.0234375,-0.0234375,1.0
2101,1313.125,-0.015625,0.0,1.015625
2102,1313.75,-0.03125,0.0,1.0
2103,1314.375,-0.015625,-0.0234375,1.0078125
2104,1315.0,0.0,-0.03125,1.0078125
2105,1315.625,0.0,-0.03125,0.984375
2106,1316.25,-0.0078125,-0.0234375,1.0078125
2107,1316.875,0.0,-0.03125,1.0
2108,1317.5,0.0,-0.03125,1.0
2109,1318.125,0.0,0.0,1.0
2110,1318.75,-0.015625,0.0,1.0078125
2111,1319.375,-0.0078125,0.0,1.0
2112,1320.0,-0.0234375,-0.03125,1.0234375
2113,1320.625,-0.0234375,0.0,1.0078125
2114,1321.25,0.0,-0.0234375,1.0234375
2115,1321.875,0.0,-0.0234375,1.0
2116,1322.5,0.0,-0.015625,1.0
2117,1323.125,0.0,-0.0078125,1.0234375
2118,1323.75,-0.015625,0.0,0.9921875
2119,1324.375,-0.0390625,0.0,1.015625
2120,1325.0,-0.03125,0.0,1.0
2121,1325.625,-0.03125,0.0,1.0
2122,1326.25,-0.03125,0.0,1.0
2123,1326.875,-0.015625,-0.0234375,1.0
2124,1327.5,-0.015625,-0.0234375,1.0078125
2125,1328.125,-0.015625,-0.015625,1.0
2126,1328.75,-0.015625,-0.015625,1.0078125
2127,1329.375,-0.015625,0.0,1.0
2128,1330.0,0.0,-0.0234375,1.0078125
2129,1330.625,-0.015625,0.0,1.0234375
2130,1331.25,-0.015625,-0.03125,1.0
2131,1331.875,-0.015625,0.0,1.0078125
2132,1332.5,-0.0390625,-0.015625,1.0
2133,1333.125,-0.03125,0.0,0.9921875
2134,1333.75,-0.03125,0.0,1.0
2135,1334.375,-0.046875,0.0,1.015625
2136,1335.0,-0.0390625,0.0,1.0
2137,1335.625,-0.0390625,0.0,1.0
2138,1336.25,-0.03125,0.0,1.015625
2139,1336.875,0.0,-0.0234375,1.0
2140,1337.5,-0.03125,0.0,0.984375
2141,1338.125,-0.0234375,-0.015625,0.984375
2142,1338.75,-0.0234375,0.0,1.0078125
2143,1339.375,-0.03125,0.0,1.0
2144,1340.0,-0.0234375,0.0,1.0
2145,1340.625,-0.0234375,-0.0234375,1.0
2146,1341.25,-0.0234375,-0.03125,0.9765625
2147,1341.875,-0.0546875,-0.0234375,1.0
2148,1342.5,-0.015625,-0.0390625,1.0
2149,1343.125,-0.0234375,-0.03125,1.0
2150,1343.75,-0.03125,0.0,0.9765625
2151,1344.375,-0.0234375,-0.0234375,1.0
2152,1345.0,-0.015625,-0.0390625,0.9921875
2153,1345.625,-0.03125,0.0,0.984375
2154,1346.25,-0.03125,0.0,0.984375
2155,1346.875,-0.03125,-0.015625,1.0
2156,1347.5,0.0,-0.03125,0.984375
2157,1348.125,-0.0234375,-0.03125,0.9921875
2158,1348.75,0.0,-0.03125,0.984375
2159,1349.375,-0.046875,-0.0234375,0.9765625
2160,1350.0,-0.015625,-0.0234375,1.0
2161,1350.625,-0.03125,0.0,1.0
2162,1351.25,-0.015625,0.0,1.0
2163,1351.875,-0.046875,0.0,0.984375
2164,1352.5,-0.0234375,0.0,0.984375
2165,1353.125,0.0,0.0,0.9921875
2166,1353.75,-0.0390625,0.0,0.9765625
2167,1354.375,-0.03125,0.0,0.96875
2168,1355.0,-0.03125,-0.015625,0.9921875
2169,1355.625,0.0,-0.015625,0.9921875
2170,1356.25,-0.0234375,0.0,0.96875
2171,1356.875,-0.03125,-0.0234375,0.984375
2172,1357.5,-0.015625,-0.03125,0.984375
2173,1358.125,-0.03125,0.0,0.9765625
2174,1358.75,0.0,-0.03125,1.0
2175,1359.375,-0.0234375,-0.0390625,0.9765625
2176,1360.0,-0.0390625,0.0,0.984375
2177,1360.625,-0.015625,-0.0234375,0.9921875
2178,1361.25,-0.0234375,-0.015625,1.0
2179,1361.875,-0.0234375,-0.015625,0.9609375
2180,1362.5,-0.0234375,0.0,0.984375
2181,1363.125,-0.015625,0.0,0.984375
2182,1363.75,0.0,-0.03125,0.984375
2183,1364.375,-0.0234375,0.0,0.9765625
2184,1365.0,-0.0234375,0.0,0.9765625
2185,1365.625,-0.0234375,0.0,0.9765625
2186,1366.25,-0.0234375,0.0,0.9765625
2187,1366.875,-0.0546875,0.0,0.984375
2188,1367.5,-0.03125,0.0,0.984375
2189,1368.125,0.0,-0.0390625,0.9921875
2190,1368.75,-0.046875,0.0,0.96875
2191,1369.375,-0.03125,-0.0234375,0.984375
2192,1370.0,-0.03125,-0.03125,0.984375
2193,1370.625,-0.03125,-0.03125,1.0078125
2194,1371.25,-0.046875,-0.03125,1.0234375
2195,1371.875,-0.0234375,-0.0234375,1.0078125
2196,1372.5,-0.0234375,-0.0234375,1.0
2197,1373.125,-0.0390625,-0.03125,0.984375
2198,1373.75,-0.03125,0.0,1.0078125
2199,1374.375,-0.0390625,-0.015625,0.96875
2200,1375.0,-0.0390625,-0.03125,0.96875
2201,1375.625,-0.0390625,-0.015625,1.0078125
2202,1376.25,-0.03125,-0.03125,1.0
2203,1376.875,-0.046875,-0.0390625,0.9921875
2204,1377.5,-0.0390625,-0.0390625,1.0
2205,1378.125,-0.0390625,-0.03125,0.984375
2206,1378.75,-0.0234375,-0.0234375,1.0
2207,1379.375,-0.03125,-0.0390625,1.0
2208,1380.0,-0.0234375,-0.0546875,0.984375
2209,1380.625,-0.015625,-0.0390625,0.9921875
2210,1381.25,-0.046875,-0.015625,1.0
2211,1381.875,-0.046875,-0.03125,0.9921875
2212,1382.5,-0.0390625,-0.0390625,1.0
2213,1383.125,-0.03125,-0.0390625,1.0078125
2214,1383.75,-0.015625,-0.0234375,0.9921875
2215,1384.375,-0.0234375,-0.03125,1.0
2216,1385.0,-0.0234375,-0.03125,1.0
2217,1385.625,-0.03125,-0.046875,1.0
2218,1386.25,-0.03125,-0.03125,1.0078125
2219,1386.875,-0.03125,-0.046875,1.0
2220,1387.5,-0.046875,-0.03125,1.0
2221,1388.125,-0.03125,-0.0390625,1.0078125
2222,1388.75,-0.03125,-0.0625,1.0
2223,1389.375,-0.03125,-0.0390625,1.015625
2224,1390.0,-0.0234375,-0.0546875,1.0234375
2225,1390.625,-0.0234375,-0.0234375,1.0
2226,1391.25,-0.03125,-0.0234375,1.0078125
2227,1391.875,-0.0390625,-0.03125,1.0078125
2228,1392.5,-0.03125,-0.0390625,1.03125
2229,1393.125,-0.03125,0.0,1.03125
2230,1393.75,-0.0390625,-0.0390625,1.0
2231,1394.375,-0.0390625,-0.046875,1.0
2232,1395.0,-0.046875,-0.03125,0.9921875
2233,1395.625,-0.0234375,-0.03125,0.9921875
2234,1396.25,-0.0234375,-0.0390625,1.0234375
2235,1396.875,-0.0390625,-0.03125,1.0
2236,1397.5,-0.0234375,-0.0390625,0.984375
2237,1398.125,0.0,-0.0625,1.015625
2238,1398.75,-0.03125,-0.0390625,1.0
2239,1399.375,-0.0234375,-0.0546875,1.0078125
2240,1400.0,0.0,-0.046875,1.0
2241,1400.625,-0.03125,-0.046875,1.0234375
2242,1401.25,-0.03125,-0.03125,1.0234375
2243,1401.875,0.0,-0.0625,1.0078125
2244,1402.5,0.0,-0.0546875,1.0
2245,1403.125,0.0,-0.0390625,1.0
2246,1403.75,-0.0234375,-0.03125,1.0078125
2247,1404.375,-0.015625,-0.0234375,1.015625
2248,1405.0,-0.015625,-0.0234375,1.0
2249,1405.625,-0.0625,0.0,1.0
2250,1406.25,-0.0390625,0.0,1.0078125
2251,1406.875,-0.0390625,-0.0390625,1.0234375
2252,1407.5,-0.015625,-0.0390625,1.015625
2253,1408.125,-0.03125,-0.03125,1.015625
2254,1408.75,-0.03125,-0.03125,1.015625
2255,1409.375,-0.015625,-0.0546875,1.0
2256,1410.0,-0.0234375,-0.0390625,1.0
2257,1410.625,-0.03125,-0.0390625,1.0234375
2258,1411.25,-0.0234375,-0.046875,1.015625
2259,1411.875,-0.015625,-0.046875,1.0234375
2260,1412.5,-0.0390625,-0.03125,0.9921875
2261,1413.125,-0.0390625,-0.03125,1.0
2262,1413.75,-0.03125,-0.0390625,0.9921875
2263,1414.375,-0.015625,-0.046875,1.0
2264,1415.0,-0.0234375,-0.0390625,1.0
2265,1415.625,-0.015625,-0.0390625,0.9921875
2266,1416.25,-0.015625,-0.03125,1.0078125
2267,1416.875,-0.0390625,-0.0234375,1.015625
2268,1417.5,-0.015625,-0.0546875,1.0
2269,1418.125,-0.015625,-0.015625,0.9921875
2270,1418.75,0.0,-0.046875,0.984375
2271,1419.375,-0.0390625,-0.0390625,1.0
2272,1420.0,-0.0234375,-0.0390625,1.0
2273,1420.625,-0.03125,-0.03125,0.9921875
2274,1421.25,-0.0234375,-0.03125,1.0234375
2275,1421.875,-0.03125,-0.03125,0.9921875
2276,1422.5,-0.015625,-0.03125,1.03125
2277,1423.125,0.0,-0.0390625,0.984375
2278,1423.75,0.0,-0.0390625,1.0078125
2279,1424.375,0.0,-0.03125,1.0
2280,1425.0,-0.0234375,-0.0234375,1.0
2281,1425.625,-0.046875,-0.015625,1.0
2282,1426.25,-0.0390625,0.0,1.0078125
2283,1426.875,-0.0546875,0.0,1.0
2284,1427.5,0.0,-0.015625,0.9921875
2285,1428.125,-0.0234375,-0.03125,1.015625
2286,1428.75,-0.0390625,-0.0390625,0.9921875
2287,1429.375,-0.03125,-0.0390625,0.9921875
2288,1430.0,-0.03125,-0.0390625,0.984375
2289,1430.625,-0.0234375,-0.03125,1.0078125
2290,1431.25,-0.03125,-0.046875,1.0078125
2291,1431.875,-0.03125,-0.0234375,1.03125
2292,1432.5,-0.03125,-0.0390625,0.984375
2293,1433.125,-0.046875,-0.015625,0.984375
2294,1433.75,-0.0234375,-0.0390625,0.96875
2295,1434.375,-0.0234375,-0.0234375,0.984375
2296,1435.0,-0.046875,-0.015625,1.0
2297,1435.625,-0.0390625,-0.015625,1.0078125
2298,1436.25,-0.046875,-0.015625,1.0078125
2299,1436.875,-0.0234375,-0.015625,0.9765625
2300,1437.5,-0.03125,-0.03125,1.015625
2301,1438.125,-0.03125,-0.03125,0.9765625
2302,1438.75,-0.03125,-0.0390625,1.015625
2303,1439.375,-0.0234375,-0.03125,1.0
2304,1440.0,-0.03125,-0.0390625,1.0234375
2305,1440.625,-0.0390625,-0.0390625,0.984375
2306,1441.25,-0.0234375,-0.0390625,0.984375
2307,1441.875,-0.0234375,-0.03125,1.0
2308,1442.5,-0.0234375,-0.015625,1.0078125
2309,1443.125,-0.0390625,-0.0234375,0.9921875
2310,1443.75,0.0,-0.0546875,0.984375
2311,1444.375,-0.0234375,-0.0234375,1.0
2312,1445.0,0.0,-0.015625,0.9921875
2313,1445.625,-0.0234375,-0.0390625,1.0
2314,1446.25,-0.0625,-0.0234375,0.984375
2315,1446.875,-0.0625,0.015625,1.0
2316,1447.5,-0.046875,0.0,0.984375
2317,1448.125,-0.046875,-0.015625,1.0
2318,1448.75,-0.03125,-0.046875,0.984375
2319,1449.375,-0.03125,-0.046875,1.0078125
2320,1450.0,-0.0546875,-0.0390625,0.9921875
2321,1450.625,-0.046875,-0.0234375,0.9765625
2322,1451.25,-0.0390625,-0.03125,1.0234375
2323,1451.875,-0.0390625,-0.0234375,1.0
2324,1452.5,-0.015625,-0.0234375,1.0234375
2325,1453.125,-0.0390625,-0.0234375,1.0
2326,1453.75,-0.0546875,0.0,1.0
2327,1454.375,-0.0390625,-0.0390625,0.9609375
2328,1455.0,-0.046875,0.0,0.96875
2329,1455.625,-0.0546875,-0.0234375,0.96875
2330,1456.25,-0.0390625,-0.015625,1.0
2331,1456.875,-0.0390625,-0.0234375,0.9765625
2332,1457.5,-0.0390625,-0.0234375,1.0
2333,1458.125,-0.0234375,-0.0390625,1.0
2334,1458.75,-0.046875,0.0,1.0
2335,1459.375,-0.0546875,-0.015625,1.0
2336,1460.0,-0.0390625,-0.0234375,1.0
2337,1460.625,-0.0234375,-0.03125,1.0078125
2338,1461.25,-0.03125,0.0,0.9765625
2339,1461.875,-0.046875,-0.0234375,0.9921875
2340,1462.5,-0.0390625,0.0,0.96875
2341,1463.125,-0.0546875,-0.03125,1.0078125
2342,1463.75,0.0,-0.0390625,0.984375
2343,1464.375,0.0,-0.03125,1.0078125
2344,1465.0,0.0,-0.03125,0.984375
2345,1465.625,0.0,-0.03125,1.015625
2346,1466.25,-0.046875,-0.0390625,1.0
2347,1466.875,-0.0625,0.0,1.0
2348,1467.5,-0.0625,0.0,1.0
2349,1468.125,-0.0625,0.0,1.0
2350,1468.75,-0.03125,-0.046875,1.0
2351,1469.375,-0.0546875,-0.0390625,0.984375
2352,1470.0,-0.0390625,-0.046875,1.0
2353,1470.625,-0.0390625,-0.0234375,0.9765625
2354,1471.25,-0.015625,-0.015625,1.046875
2355,1471.875,-0.046875,-0.0390625,1.0
2356,1472.5,-0.046875,-0.03125,1.0390625
2357,1473.125,-0.046875,-0.03125,0.9765625
2358,1473.75,-0.0390625,0.0,0.9765625
2359,1474.375,-0.0390625,-0.03125,0.9765625
2360,1475.0,-0.03125,-0.015625,0.984375
2361,1475.625,-0.0546875,-0.015625,1.0
2362,1476.25,-0.03125,-0.03125,1.0078125
2363,1476.875,-0.0546875,-0.03125,1.0
2364,1477.5,-0.046875,-0.0234375,0.984375
2365,1478.125,-0.0390625,0.0,1.0234375
2366,1478.75,-0.03125,-0.015625,1.0
2367,1479.375,-0.046875,0.0,1.0078125
2368,1480.0,-0.0390625,-0.0390625,0.9921875
2369,1480.625,-0.0546875,0.0,1.0234375
2370,1481.25,-0.03125,-0.0390625,0.9921875
2371,1481.875,-0.0390625,-0.03125,1.015625
2372,1482.5,-0.03125,-0.015625,1.0
2373,1483.125,0.0,-0.03125,0.9921875
2374,1483.75,-0.015625,0.0,1.0
2375,1484.375,0.015625,-0.0390625,1.015625
2376,1485.0,-0.0078125,-0.046875,1.0
2377,1485.625,-0.046875,0.0,1.0
2378,1486.25,-0.0546875,0.015625,1.0
2379,1486.875,-0.0390625,0.0078125,1.0
2380,1487.5,-0.015625,-0.0234375,1.0234375
2381,1488.125,0.0,-0.0546875,1.0
2382,1488.75,-0.015625,-0.0625,1.0234375
2383,1489.375,-0.03125,-0.0625,1.015625
2384,1490.0,-0.0390625,-0.015625,1.0078125
2385,1490.625,-0.03125,-0.03125,1.0078125
2386,1491.25,-0.03125,-0.015625,1.046875
2387,1491.875,-0.015625,-0.03125,1.03125
2388,1492.5,-0.0234375,-0.0234375,0.9921875
2389,1493.125,-0.0234375,-0.0234375,0.984375
2390,1493.75,-0.03125,-0.03125,0.953125
2391,1494.375,-0.03125,-0.0234375,0.96875
2392,1495.0,-0.046875,0.0,0.984375
2393,1495.625,-0.03125,-0.015625,1.0
2394,1496.25,-0.0234375,0.0,1.0
2395,1496.875,-0.015625,-0.0234375,1.0078125
2396,1497.5,-0.046875,-0.0078125,0.96875
2397,1498.125,-0.0390625,0.0,1.015625
2398,1498.75,0.0,-0.015625,1.0078125
2399,1499.375,-0.015625,-0.03125,0.984375
2400,1500.0,-0.03125,0.0,1.015625
2401,1500.625,-0.015625,-0.015625,1.0
2402,1501.25,-0.015625,0.0,1.0
2403,1501.875,-0.015625,0.0,0.984375
2404,1502.5,0.015625,-0.015625,1.0078125
2405,1503.125,0.015625,0.0,0.9765625
2406,1503.75,0.0234375,-0.015625,1.0
2407,1504.375,0.0,-0.0234375,1.0
2408,1505.0,-0.046875,0.0078125,1.0
2409,1505.625,-0.0390625,0.0234375,0.9765625
2410,1506.25,-0.0390625,0.0390625,1.0
2411,1506.875,-0.0390625,0.0078125,0.984375
2412,1507.5,0.0,-0.0390625,1.0078125
2413,1508.125,-0.015625,-0.046875,1.0
2414,1508.75,-0.015625,-0.0703125,0.9609375
2415,1509.375,-0.0234375,-0.0234375,0.9921875
2416,1510.0,-0.03125,0.0,1.0
2417,1510.625,0.0,-0.0234375,1.0625
2418,1511.25,0.0,0.0,1.0078125
2419,1511.875,0.0,0.0,0.984375
2420,1512.5,-0.015625,-0.015625,0.921875
2421,1513.125,0.0,-0.015625,0.953125
2422,1513.75,-0.015625,0.0,0.9609375
2423,1514.375,-0.015625,-0.015625,1.0
2424,1515.0,0.0,-0.015625,0.984375
2425,1515.625,0.0,0.0,0.9921875
2426,1516.25,-0.0234375,-0.0234375,0.96875
2427,1516.875,0.0,-0.015625,0.984375
2428,1517.5,0.0,-0.046875,1.0
2429,1518.125,-0.0234375,-0.0234375,0.96875
2430,1518.75,-0.0234375,0.0,1.0
2431,1519.375,-0.0234375,0.0,0.984375
2432,1520.0,-0.03125,-0.015625,1.0
2433,1520.625,-0.015625,-0.015625,0.96875
2434,1521.25,0.015625,-0.0390625,1.0
2435,1521.875,0.0234375,-0.0390625,1.0
2436,1522.5,0.046875,-0.0234375,1.0
2437,1523.125,0.0,-0.046875,1.0
2438,1523.75,-0.0625,0.0,1.0
2439,1524.375,-0.0390625,0.0,1.0
2440,1525.0,-0.0703125,0.03125,1.0078125
2441,1525.625,-0.03125,-0.03125,1.0234375
2442,1526.25,-0.0234375,-0.046875,0.984375
2443,1526.875,-0.015625,-0.0703125,1.0
2444,1527.5,0.0,-0.0859375,0.984375
2445,1528.125,-0.015625,-0.03125,1.0234375
2446,1528.75,0.0,-0.046875,1.03125
2447,1529.375,-0.0234375,-0.03125,1.078125
2448,1530.0,-0.015625,-0.046875,1.03125
2449,1530.625,-0.015625,-0.0390625,1.0
2450,1531.25,-0.015625,-0.0234375,0.9375
2451,1531.875,-0.03125,-0.015625,0.9453125
2452,1532.5,0.0,-0.03125,0.9296875
2453,1533.125,0.0,-0.0234375,0.9765625
2454,1533.75,0.0,-0.046875,0.9765625
2455,1534.375,0.0,-0.03125,1.0
2456,1535.0,0.0,-0.0390625,1.0
2457,1535.625,-0.0234375,-0.0390625,1.015625
2458,1536.25,0.0,-0.046875,1.0078125
2459,1536.875,-0.015625,-0.03125,0.9921875
2460,1537.5,-0.0234375,-0.0390625,1.015625
2461,1538.125,0.0,-0.0234375,1.0
2462,1538.75,0.0,-0.03125,1.0078125
2463,1539.375,-0.015625,-0.0234375,1.0
2464,1540.0,0.0078125,-0.03125,0.9921875
2465,1540.625,0.0078125,-0.0234375,0.9921875
2466,1541.25,0.0390625,-0.0390625,0.9765625
2467,1541.875,0.0625,-0.0625,0.9765625
2468,1542.5,-0.0390625,-0.046875,1.0
2469,1543.125,-0.0703125,0.0,1.0078125
2470,1543.75,-0.0703125,0.0234375,0.984375
2471,1544.375,-0.078125,0.0390625,1.0
2472,1545.0,-0.03125,-0.03125,1.0
2473,1545.625,0.0,-0.109375,1.0
2474,1546.25,-0.03125,-0.0859375,0.96875
2475,1546.875,-0.03125,-0.09375,1.0
2476,1547.5,-0.03125,-0.0390625,0.9609375
2477,1548.125,-0.03125,-0.0234375,1.0625
2478,1548.75,-0.03125,-0.015625,1.0390625
2479,1549.375,-0.03125,-0.015625,1.0859375
2480,1550.0,0.0,-0.046875,1.03125
2481,1550.625,-0.03125,-0.0234375,0.9375
2482,1551.25,-0.03125,-0.0234375,0.9375
2483,1551.875,-0.0390625,-0.03125,0.890625
2484,1552.5,-0.03125,-0.015625,0.9453125
2485,1553.125,-0.0390625,-0.0234375,0.9921875
2486,1553.75,0.0,-0.0390625,1.0234375
2487,1554.375,-0.0546875,-0.0234375,1.0
2488,1555.0,-0.03125,-0.015625,1.046875
2489,1555.625,0.0,0.0,0.984375
2490,1556.25,-0.03125,0.0,0.9921875
2491,1556.875,-0.0390625,-0.015625,0.9765625
2492,1557.5,-0.015625,-0.03125,0.9921875
2493,1558.125,-0.0234375,-0.0390625,0.9921875
2494,1558.75,-0.046875,0.0,1.0
2495,1559.375,-0.0625,-0.015625,1.0
2496,1560.0,-0.03125,-0.03125,1.0
2497,1560.625,-0.0546875,-0.0234375,1.0078125
2498,1561.25,0.0,0.0,0.9609375
2499,1561.875,0.0078125,-0.03125,1.015625
2500,1562.5,0.0078125,-0.0234375,0.9921875
2501,1563.125,0.015625,-0.0625,1.015625
2502,1563.75,-0.03125,0.0,1.0078125
2503,1564.375,-0.0625,0.0234375,1.0
2504,1565.0,-0.0234375,0.015625,1.0
2505,1565.625,-0.03125,0.0546875,1.0
2506,1566.25,-0.03125,-0.0234375,0.984375
2507,1566.875,-0.03125,-0.015625,0.96875
2508,1567.5,-0.0234375,-0.03125,1.0
2509,1568.125,-0.015625,0.0,0.9921875
2510,1568.75,-0.03125,-0.0234375,1.0546875
2511,1569.375,-0.046875,-0.015625,1.0546875
2512,1570.0,-0.03125,0.0,1.0859375
2513,1570.625,-0.0234375,0.0,1.0
2514,1571.25,-0.0078125,-0.0390625,0.9921875
2515,1571.875,-0.0234375,0.0,0.9765625
2516,1572.5,-0.015625,-0.03125,0.984375
2517,1573.125,-0.015625,-0.03125,0.984375
2518,1573.75,-0.03125,-0.03125,0.9921875
2519,1574.375,-0.03125,0.0,0.9921875
2520,1575.0,-0.0234375,-0.046875,0.9765625
2521,1575.625,-0.015625,-0.046875,1.0
2522,1576.25,-0.0390625,-0.0390625,0.96875
2523,1576.875,-0.03125,0.0,1.0
2524,1577.5,-0.0234375,-0.03125,1.0
2525,1578.125,-0.03125,0.0,1.0078125
2526,1578.75,-0.03125,0.0,0.984375
2527,1579.375,0.0,-0.0234375,0.9921875
2528,1580.0,-0.0234375,-0.03125,0.9921875
2529,1580.625,-0.0234375,0.0,1.0
2530,1581.25,-0.03125,-0.015625,0.9921875
2531,1581.875,-0.046875,-0.0234375,1.0078125
2532,1582.5,-0.0234375,0.0,0.9921875
2533,1583.125,-0.03125,-0.03125,0.9921875
2534,1583.75,-0.03125,0.0,1.0
2535,1584.375,0.0,-0.046875,0.984375
2536,1585.0,-0.015625,-0.0546875,1.0
2537,1585.625,-0.0234375,-0.03125,1.0
2538,1586.25,-0.0234375,-0.0390625,1.0
2539,1586.875,-0.046875,-0.0234375,1.0
2540,1587.5,0.0,-0.046875,1.0
2541,1588.125,-0.03125,-0.03125,0.984375
2542,1588.75,-0.03125,-0.015625,1.0
2543,1589.375,-0.03125,-0.015625,0.9921875
2544,1590.0,-0.0546875,-0.015625,1.0
2545,1590.625,-0.0546875,-0.0078125,1.0
2546,1591.25,-0.0390625,-0.015625,1.0
2547,1591.875,-0.03125,-0.0390625,1.03125
2548,1592.5,-0.03125,-0.0390625,1.0
2549,1593.125,-0.03125,-0.0234375,1.015625
2550,1593.75,-0.046875,0.0,1.0
2551,1594.375,-0.0234375,-0.0234375,1.015625
2552,1595.0,-0.0390625,-0.03125,1.0
2553,1595.625,-0.03125,-0.03125,1.0
2554,1596.25,-0.03125,-0.0546875,0.9921875
2555,1596.875,-0.03125,-0.0234375,1.0
2556,1597.5,-0.03125,-0.015625,1.015625
2557,1598.125,-0.046875,-0.0390625,1.0
2558,1598.75,-0.046875,-0.0234375,1.0
2559,1599.375,-0.03125,-0.03125,1.0
2560,1600.0,-0.0546875,-0.015625,1.0
2561,1600.625,-0.0546875,-0.015625,1.0
2562,1601.25,-0.0390625,0.0,1.0078125
2563,1601.875,-0.046875,-0.015625,1.0
2564,1602.5,-0.0546875,-0.0390625,1.0
2565,1603.125,-0.015625,-0.0390625,1.0
2566,1603.75,-0.0390625,-0.0234375,1.0234375
2567,1604.375,-0.03125,-0.0390625,1.0
2568,1605.0,-0.03125,-0.0234375,1.0
2569,1605.625,-0.0390625,-0.046875,1.015625
2570,1606.25,-0.0390625,-0.0234375,1.0390625
2571,1606.875,-0.03125,-0.015625,1.015625
2572,1607.5,-0.046875,-0.0234375,1.0078125
2573,1608.125,-0.0390625,-0.015625,1.015625
2574,1608.75,-0.0390625,-0.015625,1.0
2575,1609.375,-0.03125,-0.03125,1.0078125
2576,1610.0,-0.0234375,-0.015625,1.0
2577,1610.625,-0.0234375,-0.015625,1.015625
2578,1611.25,-0.03125,-0.03125,1.0078125
2579,1611.875,-0.0390625,0.0,1.03125
2580,1612.5,-0.03125,-0.0390625,1.0078125
2581,1613.125,-0.0234375,0.0,1.0078125
2582,1613.75,-0.0546875,0.0,1.015625
2583,1614.375,-0.046875,0.0,1.03125
2584,1615.0,-0.03125,0.0,1.03125
2585,1615.625,-0.0390625,0.0,1.03125
2586,1616.25,-0.015625,-0.0234375,1.0234375
2587,1616.875,-0.0546875,0.0,1.0234375
2588,1617.5,-0.046875,0.0,1.015625
2589,1618.125,-0.0390625,-0.0234375,1.0
2590,1618.75,-0.03125,-0.03125,1.0078125
2591,1619.375,-0.046875,0.0,1.0
2592,1620.0,-0.03125,-0.0234375,1.0
2593,1620.625,-0.015625,-0.015625,1.0
2594,1621.25,-0.0390625,0.0,0.9765625
2595,1621.875,-0.0234375,-0.0234375,1.0
2596,1622.5,-0.03125,-0.0234375,1.0
2597,1623.125,-0.03125,0.0,0.9921875
2598,1623.75,-0.0546875,-0.0234375,1.0078125
2599,1624.375,-0.015625,-0.03125,0.9921875
2600,1625.0,-0.046875,-0.0234375,1.0
2601,1625.625,-0.0234375,-0.046875,0.96875
2602,1626.25,-0.0234375,-0.0234375,1.0
2603,1626.875,-0.0390625,0.0,0.984375
2604,1627.5,-0.046875,-0.0234375,0.9921875
2605,1628.125,-0.03125,-0.03125,0.9921875
2606,1628.75,-0.0546875,0.0,1.0
2607,1629.375,-0.0546875,-0.0234375,1.0
2608,1630.0,-0.03125,-0.0234375,0.984375
2609,1630.625,-0.03125,-0.0390625,1.0
2610,1631.25,0.0,-0.0234375,0.9921875
2611,1631.875,-0.03125,0.0,1.0
2612,1632.5,-0.0390625,0.0,1.0
2613,1633.125,-0.03125,-0.03125,1.015625
2614,1633.75,-0.0546875,-0.0234375,0.984375
2615,1634.375,-0.03125,-0.03125,0.9921875
2616,1635.0,-0.0390625,-0.015625,0.9921875
2617,1635.625,-0.0390625,-0.0234375,0.984375
2618,1636.25,-0.046875,-0.03125,0.984375
2619,1636.875,-0.0234375,-0.0234375,1.0
2620,1637.5,-0.0390625,-0.015625,1.0078125
2621,1638.125,-0.03125,-0.0234375,1.0078125
2622,1638.75,-0.0234375,-0.015625,0.984375
2623,1639.375,-0.0390625,0.0,0.984375
2624,1640.0,-0.03125,-0.015625,0.984375
2625,1640.625,0.0,-0.0390625,0.9765625
2626,1641.25,0.0,-0.03125,1.0
2627,1641.875,-0.0390625,-0.0234375,0.984375
2628,1642.5,-0.03125,-0.03125,1.0
2629,1643.125,0.0,-0.03125,0.9921875
2630,1643.75,-0.03125,-0.046875,0.984375
2631,1644.375,-0.0390625,-0.0234375,0.96875
2632,1645.0,-0.03125,0.0,0.9765625
2633,1645.625,-0.03125,-0.0234375,1.0
2634,1646.25,-0.03125,-0.0234375,0.984375
2635,1646.875,-0.0390625,-0.03125,1.0
2636,1647.5,-0.046875,0.0,0.984375
2637,1648.125,-0.015625,-0.03125,1.0
2638,1648.75,-0.03125,-0.03125,0.9765625
2639,1649.375,-0.0390625,-0.0078125,0.9609375
2640,1650.0,-0.03125,-0.015625,1.0
2641,1650.625,-0.03125,-0.0390625,1.0
2642,1651.25,-0.03125,-0.03125,0.9921875
2643,1651.875,-0.046875,-0.03125,1.0
2644,1652.5,-0.015625,-0.03125,1.0
2645,1653.125,-0.03125,-0.0390625,0.9921875
2646,1653.75,-0.015625,-0.0390625,1.0
2647,1654.375,0.0,-0.0390625,1.0
2648,1655.0,-0.046875,-0.03125,1.0078125
2649,1655.625,-0.0546875,-0.0234375,1.0078125
2650,1656.25,-0.0390625,-0.0625,0.9921875
2651,1656.875,-0.046875,-0.0390625,0.984375
2652,1657.5,-0.046875,-0.015625,1.0
2653,1658.125,-0.03125,-0.03125,0.984375
2654,1658.75,-0.0390625,-0.03125,1.0
2655,1659.375,-0.0390625,-0.0234375,1.0
2656,1660.0,-0.0234375,-0.015625,1.0
2657,1660.625,-0.03125,-0.0234375,0.9609375
2658,1661.25,-0.0234375,-0.0234375,0.984375
2659,1661.875,-0.0390625,-0.03125,0.984375
2660,1662.5,-0.0234375,-0.0234375,0.9765625
2661,1663.125,-0.03125,-0.0234375,0.984375
2662,1663.75,-0.0390625,-0.0390625,0.96875
2663,1664.375,-0.03125,-0.0390625,0.9765625
2664,1665.0,-0.0390625,0.0,0.984375
2665,1665.625,-0.03125,-0.03125,1.0
2666,1666.25,-0.03125,-0.046875,1.0
2667,1666.875,-0.03125,-0.03125,0.984375
2668,1667.5,-0.015625,-0.0546875,1.0
2669,1668.125,-0.0234375,-0.0390625,1.0
2670,1668.75,-0.046875,-0.015625,0.984375
2671,1669.375,-0.0234375,-0.03125,0.9921875
2672,1670.0,-0.03125,-0.046875,0.9765625
2673,1670.625,-0.046875,-0.046875,0.9765625
2674,1671.25,-0.03125,-0.03125,1.0
2675,1671.875,-0.0390625,-0.0390625,1.0
2676,1672.5,-0.0390625,-0.0390625,1.0078125
2677,1673.125,-0.0234375,-0.046875,0.96875
2678,1673.75,-0.03125,-0.0625,1.0
2679,1674.375,-0.015625,-0.0546875,1.0
2680,1675.0,-0.046875,-0.03125,0.9921875
2681,1675.625,-0.03125,-0.046875,1.0
2682,1676.25,-0.0390625,-0.046875,1.0078125
2683,1676.875,-0.0390625,-0.03125,0.9921875
2684,1677.5,-0.046875,-0.0390625,1.0
2685,1678.125,-0.03125,-0.03125,0.9921875
2686,1678.75,-0.0390625,-0.0390625,0.9921875
2687,1679.375,-0.0234375,-0.046875,1.0
2688,1680.0,-0.0390625,-0.046875,0.9921875
2689,1680.625,-0.0390625,-0.0390625,1.0
2690,1681.25,-0.0234375,-0.046875,1.0
2691,1681.875,-0.0234375,-0.0390625,1.0
2692,1682.5,-0.0234375,-0.03125,0.9921875
2693,1683.125,-0.0234375,-0.03125,1.0
2694,1683.75,-0.0234375,-0.0390625,0.984375
2695,1684.375,0.0,-0.0390625,1.0
2696,1685.0,-0.0390625,-0.0390625,0.984375
2697,1685.625,-0.03125,-0.046875,0.9921875
2698,1686.25,-0.0234375,-0.0234375,1.0234375
2699,1686.875,0.0,-0.046875,1.015625
2700,1687.5,0.0,-0.0390625,1.0234375
2701,1688.125,-0.03125,-0.046875,1.0078125
2702,1688.75,-0.0390625,-0.0390625,1.0
2703,1689.375,-0.0390625,-0.0234375,1.0078125
2704,1690.0,-0.03125,-0.046875,0.9921875
2705,1690.625,-0.0390625,-0.0390625,1.0
2706,1691.25,-0.046875,-0.0234375,1.0
2707,1691.875,-0.0390625,-0.03125,0.9921875
2708,1692.5,-0.046875,-0.03125,1.0
2709,1693.125,-0.03125,-0.03125,1.015625
2710,1693.75,-0.015625,-0.03125,1.0078125
2711,1694.375,-0.0234375,-0.046875,1.0
2712,1695.0,-0.03125,-0.03125,1.0
2713,1695.625,0.0,-0.0390625,1.0
2714,1696.25,-0.0234375,0.0,1.03125
2715,1696.875,-0.015625,-0.0546875,1.0078125
2716,1697.5,-0.03125,0.0,1.0
2717,1698.125,-0.0234375,-0.0234375,1.0
2718,1698.75,-0.03125,-0.03125,1.0078125
2719,1699.375,-0.046875,-0.0234375,1.0
2720,1700.0,-0.0234375,-0.0390625,1.0078125
2721,1700.625,0.0,-0.0390625,0.9921875
2722,1701.25,-0.046875,-0.03125,1.0078125
2723,1701.875,-0.03125,-0.0234375,1.0
2724,1702.5,-0.03125,-0.015625,1.0
2725,1703.125,-0.03125,-0.0234375,0.9921875
2726,1703.75,-0.0234375,0.0,1.015625
2727,1704.375,0.0,-0.0625,1.0
2728,1705.0,-0.015625,-0.0390625,1.0078125
2729,1705.625,-0.03125,-0.03125,1.0078125
2730,1706.25,-0.0390625,-0.03125,1.0
2731,1706.875,-0.0546875,0.0,1.0078125
2732,1707.5,-0.0390625,-0.03125,1.0
2733,1708.125,-0.0390625,-0.0234375,1.0234375
2734,1708.75,-0.03125,-0.03125,1.0078125
2735,1709.375,-0.015625,-0.03125,1.0
2736,1710.0,-0.0390625,-0.015625,1.0234375
2737,1710.625,-0.015625,-0.0390625,1.0
2738,1711.25,-0.0390625,-0.0234375,1.0
2739,1711.875,-0.015625,-0.0234375,1.015625
2740,1712.5,-0.03125,-0.0546875,1.0
2741,1713.125,-0.0390625,-0.0234375,1.015625
2742,1713.75,-0.0234375,-0.015625,1.0078125
2743,1714.375,-0.0390625,-0.03125,1.015625
2744,1715.0,-0.0390625,-0.015625,1.0078125
2745,1715.625,-0.0390625,-0.03125,1.0078125
2746,1716.25,-0.0234375,-0.015625,1.0078125
2747,1716.875,0.0,-0.0390625,1.0234375
2748,1717.5,-0.0390625,-0.03125,1.0234375
2749,1718.125,-0.0234375,-0.0546875,1.0
2750,1718.75,-0.03125,-0.03125,1.0078125
2751,1719.375,-0.046875,-0.03125,1.0
2752,1720.0,-0.0390625,-0.0390625,1.0
2753,1720.625,-0.0390625,-0.0234375,0.9921875
2754,1721.25,-0.0390625,-0.0234375,0.9921875
2755,1721.875,-0.0390625,0.0,1.0
2756,1722.5,-0.0234375,-0.0390625,0.9921875
2757,1723.125,-0.046875,-0.0234375,1.0
2758,1723.75,0.0,-0.046875,0.984375
2759,1724.375,-0.015625,-0.015625,1.0
2760,1725.0,-0.0234375,-0.03125,1.0
2761,1725.625,-0.0390625,-0.015625,0.984375
2762,1726.25,-0.03125,-0.046875,1.0
2763,1726.875,-0.0390625,0.0,1.0
2764,1727.5,-0.0234375,-0.046875,1.0
2765,1728.125,-0.015625,-0.0234375,0.984375
2766,1728.75,-0.03125,-0.0390625,1.0
2767,1729.375,-0.046875,-0.03125,1.0
2768,1730.0,-0.03125,-0.0390625,1.015625
2769,1730.625,-0.0390625,-0.015625,1.015625
2770,1731.25,-0.03125,-0.0390625,1.0
2771,1731.875,-0.0390625,-0.03125,0.984375
2772,1732.5,-0.03125,-0.0390625,1.0
2773,1733.125,-0.046875,-0.046875,1.0
2774,1733.75,-0.0390625,-0.0390625,0.9921875
2775,1734.375,-0.015625,-0.015625,1.0
2776,1735.0,-0.03125,-0.0234375,0.9921875
2777,1735.625,-0.0390625,-0.03125,1.0
2778,1736.25,-0.0390625,-0.03125,1.0
2779,1736.875,-0.03125,0.0,1.0
2780,1737.5,-0.0390625,-0.03125,1.0078125
2781,1738.125,-0.015625,-0.0390625,1.0078125
2782,1738.75,-0.0390625,-0.0390625,1.0
2783,1739.375,-0.015625,-0.0390625,1.0
2784,1740.0,-0.03125,-0.0234375,1.0
2785,1740.625,-0.046875,-0.015625,1.0
2786,1741.25,-0.0390625,-0.0390625,0.9765625
2787,1741.875,-0.046875,-0.015625,1.0
2788,1742.5,-0.0390625,-0.015625,1.0
2789,1743.125,-0.0390625,-0.03125,0.9765625
2790,1743.75,-0.0234375,-0.015625,0.9765625
2791,1744.375,-0.03125,-0.0234375,1.0
2792,1745.0,-0.03125,0.0,0.9765625
2793,1745.625,-0.0390625,-0.0234375,0.9921875
2794,1746.25,-0.0390625,0.0,0.984375
2795,1746.875,-0.0234375,-0.0390625,1.0
2796,1747.5,-0.03125,-0.015625,0.96875
2797,1748.125,-0.0390625,-0.015625,1.0
2798,1748.75,-0.046875,0.0,1.0
2799,1749.375,-0.046875,0.0,1.0
2800,1750.0,-0.03125,0.0,1.0
2801,1750.625,-0.0234375,-0.015625,0.984375
2802,1751.25,-0.03125,-0.015625,1.0
2803,1751.875,-0.015625,0.0,1.0
2804,1752.5,-0.0390625,-0.0234375,1.0
2805,1753.125,-0.0390625,0.0,0.9765625
2806,1753.75,-0.03125,0.0,1.0
2807,1754.375,-0.015625,0.0,1.0078125
2808,1755.0,-0.015625,0.0,1.015625
2809,1755.625,-0.015625,-0.015625,0.9921875
2810,1756.25,-0.015625,0.0,1.0
2811,1756.875,-0.0390625,0.0,1.015625
2812,1757.5,-0.0234375,-0.0234375,1.0078125
2813,1758.125,-0.0234375,0.0,1.0
2814,1758.75,-0.0390625,0.0,1.0
2815,1759.375,-0.03125,0.0,1.015625
2816,1760.0,-0.0234375,0.0,1.0
2817,1760.625,-0.046875,0.0,1.0
2818,1761.25,-0.03125,0.0,1.0234375
2819,1761.875,-0.046875,0.0078125,1.015625
2820,1762.5,-0.0546875,-0.015625,1.0
2821,1763.125,-0.015625,0.0,1.0
2822,1763.75,-0.015625,0.0,1.0
2823,1764.375,-0.0234375,0.0,1.0
2824,1765.0,-0.0234375,0.0,1.0390625
2825,1765.625,0.0,-0.0390625,1.03125
2826,1766.25,-0.015625,-0.0234375,1.046875
2827,1766.875,-0.03125,0.0078125,1.0390625
2828,1767.5,-0.0390625,0.0,1.0234375
2829,1768.125,-0.046875,0.0,1.015625
2830,1768.75,-0.0546875,0.0,1.0078125
2831,1769.375,-0.0390625,0.0,1.0078125
2832,1770.0,-0.03125,0.0,1.015625
2833,1770.625,-0.0390625,0.0,1.015625
2834,1771.25,-0.0390625,0.0,1.0
2835,1771.875,-0.0390625,0.0,1.0078125
2836,1772.5,0.0,0.0,1.0
2837,1773.125,0.0,-0.015625,1.0078125
2838,1773.75,-0.015625,0.0,1.0
2839,1774.375,-0.015625,0.0,1.0078125
2840,1775.0,-0.03125,0.0,1.0
2841,1775.625,-0.03125,0.0,1.0078125
2842,1776.25,-0.015625,0.0,1.0
2843,1776.875,-0.0234375,-0.015625,1.0
2844,1777.5,-0.03125,-0.0234375,1.0234375
2845,1778.125,-0.03125,0.0,1.046875
2846,1778.75,-0.03125,0.0,1.0234375
2847,1779.375,0.0,-0.015625,1.0234375
2848,1780.0,-0.015625,0.0,1.03125
2849,1780.625,0.0,-0.03125,1.015625
2850,1781.25,-0.015625,0.0,1.03125
2851,1781.875,-0.0078125,0.0,1.0
2852,1782.5,-0.0234375,0.0,1.0
2853,1783.125,-0.03125,0.0,1.0
2854,1783.75,-0.0234375,0.0,1.03125
2855,1784.375,0.0,0.0,1.0
2856,1785.0,-0.0234375,0.0,1.0
2857,1785.625,0.0,-0.015625,0.9921875
2858,1786.25,0.0,0.0,0.9921875
2859,1786.875,-0.0390625,0.0,1.0
2860,1787.5,0.0,-0.03125,1.0078125
2861,1788.125,0.0,0.0,1.015625
2862,1788.75,0.0,-0.015625,1.0
2863,1789.375,-0.015625,-0.0078125,0.984375
2864,1790.0,-0.0234375,-0.0234375,1.0
2865,1790.625,-0.015625,-0.015625,1.0
2866,1791.25,-0.015625,-0.015625,1.0
2867,1791.875,-0.015625,-0.015625,1.0
2868,1792.5,-0.015625,-0.03125,1.0234375
2869,1793.125,0.0,0.0,1.0078125
2870,1793.75,0.0,-0.015625,1.0
2871,1794.375,0.0,-0.0234375,0.9921875
2872,1795.0,-0.03125,-0.0234375,1.0
2873,1795.625,-0.015625,0.0,0.9765625
2874,1796.25,-0.046875,0.0,0.984375
2875,1796.875,-0.0234375,0.0,1.0234375
2876,1797.5,-0.03125,-0.015625,0.9921875
2877,1798.125,0.0,0.0,1.0
2878,1798.75,-0.03125,0.0,1.0
2879,1799.375,-0.0234375,-0.0078125,0.9921875
2880,1800.0,-0.03125,-0.015625,0.96875
2881,1800.625,0.0,-0.015625,0.984375
2882,1801.25,-0.015625,0.0,1.0
2883,1801.875,-0.0234375,-0.0234375,0.984375
2884,1802.5,-0.03125,-0.03125,0.96875
2885,1803.125,0.0,-0.015625,0.96875
2886,1803.75,0.0,-0.0234375,0.96875
2887,1804.375,-0.0390625,-0.015625,1.0
2888,1805.0,0.0,-0.0234375,0.9765625
2889,1805.625,-0.015625,-0.03125,0.96875
2890,1806.25,0.0,-0.0390625,0.96875
2891,1806.875,-0.03125,-0.03125,0.9765625
2892,1807.5,0.0,-0.03125,0.984375
2893,1808.125,0.0,-0.0390625,1.015625
2894,1808.75,-0.0234375,-0.0390625,1.0
2895,1809.375,-0.0234375,-0.03125,1.0
2896,1810.0,0.0,-0.03125,0.984375
2897,1810.625,-0.046875,-0.0234375,0.9921875
2898,1811.25,-0.046875,-0.0234375,0.984375
2899,1811.875,-0.0234375,-0.0234375,0.984375
2900,1812.5,-0.0234375,-0.0546875,0.9609375
2901,1813.125,-0.03125,-0.046875,0.9609375
2902,1813.75,-0.046875,-0.03125,0.953125
2903,1814.375,-0.0234375,-0.03125,0.9609375
2904,1815.0,-0.015625,-0.0625,0.96875
2905,1815.625,-0.0390625,-0.0234375,1.0
2906,1816.25,-0.03125,-0.046875,0.9765625
2907,1816.875,0.0,-0.0234375,0.9765625
2908,1817.5,0.0,-0.0390625,0.96875
2909,1818.125,0.0,-0.0546875,0.9609375
2910,1818.75,-0.03125,-0.0625,0.984375
2911,1819.375,-0.015625,-0.0390625,0.9765625
2912,1820.0,0.0,-0.0625,0.96875
2913,1820.625,-0.0390625,-0.0390625,0.953125
2914,1821.25,-0.03125,-0.046875,0.9609375
2915,1821.875,-0.03125,-0.078125,0.96875
2916,1822.5,-0.015625,-0.0546875,0.9375
2917,1823.125,-0.03125,-0.0546875,1.0
2918,1823.75,-0.03125,-0.046875,0.96875
2919,1824.375,-0.0390625,-0.0546875,0.96875
2920,1825.0,-0.03125,-0.0546875,0.9921875
2921,1825.625,-0.0234375,-0.0546875,0.96875
2922,1826.25,-0.03125,-0.0546875,1.0234375
2923,1826.875,-0.015625,-0.0703125,1.015625
2924,1827.5,0.0,-0.0546875,0.9921875
2925,1828.125,-0.015625,-0.0625,1.0
2926,1828.75,-0.03125,-0.046875,1.0078125
2927,1829.375,-0.0390625,-0.0625,0.984375
2928,1830.0,-0.0234375,-0.0625,0.953125
2929,1830.625,-0.0390625,-0.0546875,0.9921875
2930,1831.25,-0.0390625,-0.0390625,1.0
2931,1831.875,-0.0546875,-0.0390625,1.0
2932,1832.5,-0.046875,-0.0390625,0.953125
2933,1833.125,-0.03125,-0.0546875,1.0
2934,1833.75,-0.0390625,-0.0625,0.9921875
2935,1834.375,-0.015625,-0.0390625,0.9765625
2936,1835.0,-0.03125,-0.03125,0.984375
2937,1835.625,-0.0390625,-0.0390625,0.9921875
2938,1836.25,-0.046875,-0.0390625,1.0
2939,1836.875,-0.0390625,-0.046875,0.9921875
2940,1837.5,-0.03125,-0.046875,1.0
2941,1838.125,-0.03125,-0.0390625,0.96875
2942,1838.75,0.0,-0.046875,0.984375
2943,1839.375,-0.03125,-0.0546875,1.0
2944,1840.0,-0.03125,-0.03125,1.0
2945,1840.625,-0.03125,-0.0546875,1.0078125
2946,1841.25,-0.0390625,-0.046875,1.0
2947,1841.875,-0.0234375,-0.0390625,1.0
2948,1842.5,-0.0234375,-0.046875,1.0
2949,1843.125,-0.046875,-0.0234375,1.0
2950,1843.75,-0.03125,-0.015625,1.0
2951,1844.375,-0.03125,-0.0234375,1.0
2952,1845.0,-0.015625,-0.0234375,1.0
2953,1845.625,-0.0234375,-0.0234375,1.015625
2954,1846.25,-0.03125,-0.0234375,1.0
2955,1846.875,0.0,-0.0390625,1.0
2956,1847.5,-0.0390625,-0.0234375,1.0
2957,1848.125,-0.03125,-0.0234375,1.0078125
2958,1848.75,0.0,0.0,0.9921875
2959,1849.375,-0.03125,-0.015625,1.0
2960,1850.0,-0.03125,0.0,1.0078125
2961,1850.625,0.0,-0.0234375,1.0
2962,1851.25,-0.046875,0.0,1.0
2963,1851.875,-0.0234375,0.0,1.0
2964,1852.5,0.0,0.0,1.0
2965,1853.125,-0.015625,0.0,0.984375
2966,1853.75,-0.0234375,0.0,1.0
2967,1854.375,-0.0234375,0.0,1.015625
2968,1855.0,0.0,-0.0234375,1.0078125
2969,1855.625,0.0,0.0,1.0078125
2970,1856.25,0.0,0.0078125,1.03125
2971,1856.875,0.0,0.0,1.0
2972,1857.5,0.0,0.0,1.0078125
2973,1858.125,-0.015625,0.0,1.0
2974,1858.75,-0.0390625,0.0078125,0.984375
2975,1859.375,-0.046875,0.0078125,0.9921875
2976,1860.0,-0.03125,0.0,0.9921875
2977,1860.625,-0.0234375,0.0,1.0
2978,1861.25,-0.03125,0.0078125,1.0
2979,1861.875,0.0,0.0,0.9921875
2980,1862.5,-0.0234375,0.0,1.0
2981,1863.125,-0.0234375,0.0,1.0
2982,1863.75,-0.015625,0.0,1.0
2983,1864.375,0.0,0.0,1.0
2984,1865.0,0.0,0.0,1.0
2985,1865.625,0.0,0.0,1.0078125
2986,1866.25,-0.03125,0.0,0.984375
2987,1866.875,-0.03125,0.0,1.0
2988,1867.5,-0.015625,0.0,1.0
2989,1868.125,-0.03125,0.0,1.0078125
2990,1868.75,-0.03125,0.015625,1.015625
2991,1869.375,-0.015625,0.0,1.0
2992,1870.0,-0.0234375,0.0,1.015625
2993,1870.625,-0.015625,0.0,1.0
2994,1871.25,-0.0234375,0.0,1.0078125
2995,1871.875,0.0,0.0,1.0234375
2996,1872.5,0.0,0.0,1.015625
2997,1873.125,0.0,0.0,1.0234375
2998,1873.75,-0.0078125,0.0,1.0625
2999,1874.375,-0.0234375,-0.015625,1.046875
3000,1875.0,0.0,-0.0234375,1.03125
3001,1875.625,0.0,0.0,1.03125
3002,1876.25,0.0,0.0,1.0
3003,1876.875,-0.015625,0.0,1.0
3004,1877.5,0.0,0.0,0.9921875
3005,1878.125,-0.0234375,0.0,1.0078125
3006,1878.75,-0.015625,0.0,1.0078125
3007,1879.375,0.0,0.0,1.015625
3008,1880.0,-0.015625,0.0,1.0078125
3009,1880.625,-0.03125,0.0,1.0078125
3010,1881.25,-0.015625,0.0,1.0234375
3011,1881.875,0.0,-0.015625,1.0234375
3012,1882.5,0.0,-0.0234375,1.0390625
3013,1883.125,0.0,-0.0234375,1.0078125
3014,1883.75,0.0,-0.03125,1.0
3015,1884.375,0.0,0.0,1.0
3016,1885.0,-0.03125,0.0,1.0078125
3017,1885.625,-0.0234375,-0.03125,1.0078125
3018,1886.25,-0.015625,0.0,1.0078125
3019,1886.875,-0.03125,0.0,1.0
3020,1887.5,0.0,-0.03125,1.015625
3021,1888.125,-0.015625,-0.015625,1.0078125
3022,1888.75,-0.03125,0.0,1.0234375
3023,1889.375,-0.03125,-0.0390625,1.0390625
3024,1890.0,-0.03125,-0.0234375,1.015625
3025,1890.625,-0.03125,-0.03125,1.0234375
3026,1891.25,-0.0234375,-0.015625,1.0078125
3027,1891.875,-0.0390625,0.0,1.015625
3028,1892.5,-0.0625,-0.0234375,1.015625
3029,1893.125,-0.0390625,0.0,1.03125
3030,1893.75,-0.03125,0.0,1.0078125
3031,1894.375,-0.0234375,-0.03125,1.015625
3032,1895.0,-0.0234375,0.0,1.0078125
3033,1895.625,-0.03125,-0.0234375,1.0234375
3034,1896.25,-0.03125,0.0,1.0234375
3035,1896.875,-0.0546875,-0.0078125,1.0
3036,1897.5,-0.0390625,0.0,1.0234375
3037,1898.125,-0.03125,0.0,1.0078125
3038,1898.75,-0.03125,-0.0234375,1.0
3039,1899.375,-0.03125,0.0,1.0
3040,1900.0,-0.03125,-0.0234375,1.015625
3041,1900.625,-0.03125,0.0,1.015625
3042,1901.25,-0.0234375,0.0,1.015625
3043,1901.875,-0.03125,0.0,1.015625
3044,1902.5,-0.0390625,0.0,1.03125
3045,1903.125,-0.0234375,0.0078125,1.03125
3046,1903.75,-0.046875,0.0078125,1.0
3047,1904.375,-0.03125,0.0,1.0078125
3048,1905.0,-0.0234375,-0.015625,1.0
3049,1905.625,-0.0390625,-0.0234375,1.0
3050,1906.25,-0.03125,-0.015625,0.9921875
3051,1906.875,-0.0390625,-0.03125,1.0078125
3052,1907.5,-0.0390625,0.0,0.9921875
3053,1908.125,-0.0390625,0.0,1.015625
3054,1908.75,-0.015625,0.0,1.0546875
3055,1909.375,-0.015625,-0.03125,1.0078125
3056,1910.0,-0.03125,0.0,1.0390625
3057,1910.625,-0.0234375,-0.0234375,1.0
3058,1911.25,-0.0390625,0.0,1.0
3059,1911.875,-0.0390625,0.0,1.0
3060,1912.5,-0.046875,0.0,1.0
3061,1913.125,-0.03125,0.0,0.9921875
3062,1913.75,-0.0390625,0.0,0.9921875
3063,1914.375,-0.015625,0.0,0.984375
3064,1915.0,-0.03125,0.0,0.9921875
3065,1915.625,-0.03125,0.0078125,0.984375
3066,1916.25,-0.046875,0.0,1.0
3067,1916.875,-0.03125,0.0,1.0
3068,1917.5,-0.03125,0.0,0.9921875
3069,1918.125,-0.0234375,-0.0234375,0.984375
3070,1918.75,-0.03125,0.0,0.96875
3071,1919.375,-0.0390625,0.0,0.984375
3072,1920.0,-0.0390625,0.0,0.9921875
3073,1920.625,-0.046875,0.0078125,1.0
3074,1921.25,-0.0390625,0.0,0.984375
3075,1921.875,-0.0390625,0.0,0.9609375
3076,1922.5,0.0,0.0,0.96875
3077,1923.125,-0.0390625,0.0,0.9765625
3078,1923.75,-0.0390625,0.0,0.9921875
3079,1924.375,-0.015625,0.0,0.9765625
3080,1925.0,-0.03125,0.0,0.9921875
3081,1925.625,-0.046875,0.0,0.9921875
3082,1926.25,-0.03125,0.0,1.0
3083,1926.875,-0.03125,0.0,0.9765625
3084,1927.5,-0.0390625,0.0,0.9765625
3085,1928.125,-0.0390625,0.0,0.9921875
3086,1928.75,-0.0390625,0.0,0.96875
3087,1929.375,-0.0390625,0.0,0.984375
3088,1930.0,-0.0234375,0.0,0.984375
3089,1930.625,-0.03125,0.0,0.984375
3090,1931.25,-0.03125,0.0,0.9609375
3091,1931.875,-0.0234375,0.0,0.96875
3092,1932.5,-0.046875,0.0,0.9765625
3093,1933.125,-0.015625,-0.015625,0.9921875
3094,1933.75,-0.046875,0.0,0.9921875
3095,1934.375,-0.0234375,0.0,1.0
3096,1935.0,-0.0546875,-0.0234375,1.0
3097,1935.625,-0.03125,-0.03125,1.0
3098,1936.25,-0.0234375,-0.0234375,0.9765625
3099,1936.875,-0.0234375,0.0,0.9921875
3100,1937.5,0.0,-0.015625,0.984375
3101,1938.125,-0.046875,0.0,1.0
3102,1938.75,-0.0390625,0.0,1.0078125
3103,1939.375,-0.0546875,0.0,1.0
3104,1940.0,-0.0390625,0.0,1.0
3105,1940.625,-0.046875,0.0,0.9921875
3106,1941.25,-0.046875,0.0,1.0
3107,1941.875,-0.0390625,0.0,1.0
3108,1942.5,-0.0625,0.0,0.984375
3109,1943.125,-0.046875,-0.015625,1.0
3110,1943.75,-0.046875,0.0,1.0
3111,1944.375,-0.0390625,0.0,1.0
3112,1945.0,-0.0625,0.0,1.0
3113,1945.625,-0.046875,0.0,0.984375
3114,1946.25,-0.046875,0.0,0.9921875
3115,1946.875,-0.03125,-0.03125,0.9921875
3116,1947.5,-0.03125,0.0,0.96875
3117,1948.125,-0.046875,-0.015625,1.0
3118,1948.75,-0.0234375,-0.0390625,1.0
3119,1949.375,-0.03125,-0.015625,1.0
3120,1950.0,-0.046875,0.0,0.984375
3121,1950.625,-0.03125,-0.015625,1.015625
3122,1951.25,-0.03125,0.0,0.9921875
3123,1951.875,-0.0390625,-0.03125,1.0078125
3124,1952.5,-0.0625,0.0,1.0078125
3125,1953.125,-0.0390625,-0.015625,1.0
3126,1953.75,-0.046875,-0.0234375,1.0234375
3127,1954.375,-0.03125,-0.015625,1.0
3128,1955.0,-0.0390625,-0.0234375,1.0
3129,1955.625,-0.03125,-0.015625,1.0
3130,1956.25,-0.03125,-0.046875,1.015625
3131,1956.875,-0.0234375,-0.0234375,1.015625
3132,1957.5,-0.03125,-0.0234375,1.0
3133,1958.125,-0.03125,-0.0234375,1.0078125
3134,1958.75,-0.046875,-0.015625,1.0
3135,1959.375,-0.046875,-0.015625,1.0
3136,1960.0,-0.03125,-0.0390625,1.0
3137,1960.625,-0.03125,-0.015625,1.0
3138,1961.25,-0.0234375,-0.046875,1.0078125
3139,1961.875,-0.03125,-0.03125,1.0
3140,1962.5,-0.0390625,-0.046875,1.015625
3141,1963.125,-0.03125,-0.0390625,1.0
3142,1963.75,-0.015625,-0.046875,1.0078125
3143,1964.375,-0.0234375,-0.0546875,1.0
3144,1965.0,-0.0390625,-0.046875,1.0
3145,1965.625,-0.0234375,-0.03125,0.9921875
3146,1966.25,-0.0390625,-0.0390625,1.0234375
3147,1966.875,-0.015625,-0.046875,1.0
3148,1967.5,-0.0390625,-0.03125,1.0
3149,1968.125,-0.0390625,-0.046875,1.0
3150,1968.75,-0.03125,-0.0234375,1.0
3151,1969.375,-0.0234375,-0.0390625,1.0
3152,1970.0,-0.0390625,-0.015625,1.03125
3153,1970.625,-0.0234375,-0.03125,1.015625
3154,1971.25,-0.0546875,-0.0390625,0.9921875
3155,1971.875,-0.046875,-0.0234375,1.0078125
3156,1972.5,-0.046875,-0.03125,1.0078125
3157,1973.125,-0.046875,-0.015625,1.0078125
3158,1973.75,-0.0390625,-0.0234375,1.0078125
3159,1974.375,-0.03125,-0.0546875,1.0
3160,1975.0,-0.015625,-0.0390625,1.0078125
3161,1975.625,-0.03125,-0.046875,1.015625
3162,1976.25,-0.03125,-0.03125,1.0234375
3163,1976.875,-0.03125,-0.03125,1.0078125
3164,1977.5,-0.0390625,-0.03125,1.015625
3165,1978.125,-0.0546875,0.0,1.0234375
3166,1978.75,-0.03125,-0.0390625,1.0
3167,1979.375,-0.0390625,-0.015625,1.0
3168,1980.0,-0.0390625,-0.0234375,1.0
3169,1980.625,-0.0390625,-0.03125,0.9921875
3170,1981.25,-0.03125,-0.0234375,1.0078125
3171,1981.875,-0.0390625,-0.0234375,1.0
3172,1982.5,-0.015625,-0.03125,1.0
3173,1983.125,-0.03125,-0.0234375,1.0
3174,1983.75,-0.015625,-0.0546875,1.015625
3175,1984.375,-0.015625,-0.0234375,1.0
3176,1985.0,0.0,-0.0234375,0.96875
3177,1985.625,-0.0390625,-0.03125,1.0
3178,1986.25,-0.046875,-0.03125,1.0
3179,1986.875,-0.0234375,-0.03125,1.0
3180,1987.5,-0.0390625,-0.0234375,1.0
3181,1988.125,-0.0234375,-0.0390625,1.0
3182,1988.75,-0.0234375,-0.0234375,1.0
3183,1989.375,0.0,-0.03125,0.9921875
3184,1990.0,0.0,-0.03125,0.9765625
3185,1990.625,0.0,-0.03125,0.9921875
3186,1991.25,-0.0234375,-0.0234375,1.0
3187,1991.875,-0.0390625,0.0,1.0078125
3188,1992.5,-0.015625,0.0,0.984375
3189,1993.125,-0.0234375,0.0,1.0
3190,1993.75,-0.015625,0.0,1.0078125
3191,1994.375,-0.0234375,-0.0234375,0.984375
3192,1995.0,-0.0234375,-0.0234375,1.0
3193,1995.625,-0.0078125,-0.0390625,1.0
3194,1996.25,0.0,-0.03125,0.984375
3195,1996.875,-0.015625,-0.03125,1.0078125
3196,1997.5,-0.015625,-0.015625,1.0078125
3197,1998.125,-0.015625,-0.03125,1.0
3198,1998.75,-0.0234375,-0.0390625,0.984375
3199,1999.375,-0.015625,-0.0234375,0.9765625
3200,2000.0,-0.0390625,0.0,0.96875
3201,2000.625,-0.046875,-0.015625,0.984375
3202,2001.25,0.0,0.0,0.984375
3203,2001.875,-0.0234375,-0.0234375,0.984375
3204,2002.5,-0.03125,-0.0390625,0.96875
3205,2003.125,0.0,-0.046875,1.0
3206,2003.75,-0.03125,-0.03125,1.0
3207,2004.375,0.0,-0.03125,0.96875
3208,2005.0,-0.0234375,-0.0390625,1.0
3209,2005.625,0.0,-0.0390625,0.9921875
3210,2006.25,0.0,-0.0546875,0.9921875
3211,2006.875,-0.0234375,-0.015625,0.9921875
3212,2007.5,-0.015625,-0.03125,0.96875
3213,2008.125,-0.015625,-0.03125,1.0
3214,2008.75,-0.0234375,-0.0546875,1.0
3215,2009.375,0.0,-0.03125,1.0
3216,2010.0,0.0,0.0,0.984375
3217,2010.625,-0.015625,-0.0390625,1.015625
3218,2011.25,-0.0234375,-0.03125,1.0
3219,2011.875,-0.0234375,0.0,0.9921875
3220,2012.5,-0.03125,-0.03125,1.0
3221,2013.125,-0.015625,-0.03125,1.0
3222,2013.75,0.0,-0.046875,1.0078125
3223,2014.375,0.0,-0.0390625,1.0
3224,2015.0,0.0,-0.0703125,1.0078125
3225,2015.625,0.0,-0.0625,1.0
3226,2016.25,-0.015625,-0.0390625,1.015625
3227,2016.875,-0.03125,-0.03125,1.015625
3228,2017.5,-0.03125,-0.03125,1.0078125
3229,2018.125,0.0,-0.0625,1.0078125
3230,2018.75,0.0,-0.0546875,1.0
3231,2019.375,0.0,-0.046875,0.9765625
3232,2020.0,-0.03125,-0.03125,0.984375
3233,2020.625,-0.03125,-0.03125,0.9765625
3234,2021.25,-0.0234375,-0.0390625,0.96875
3235,2021.875,0.0,-0.046875,0.9921875
3236,2022.5,-0.015625,-0.0546875,0.984375
3237,2023.125,-0.03125,-0.03125,1.0
3238,2023.75,-0.015625,-0.03125,0.9921875
3239,2024.375,-0.03125,-0.0390625,0.984375
3240,2025.0,-0.0234375,-0.03125,0.9921875
3241,2025.625,-0.0390625,-0.0390625,0.984375
3242,2026.25,0.0,-0.0625,0.984375
3243,2026.875,-0.03125,-0.046875,1.0
3244,2027.5,-0.015625,-0.0546875,1.015625
3245,2028.125,-0.015625,-0.0546875,1.0
3246,2028.75,0.0,-0.0546875,0.9921875
3247,2029.375,0.0,-0.03125,1.0078125
3248,2030.0,-0.03125,-0.015625,1.0
3249,2030.625,0.0,-0.03125,1.0
3250,2031.25,-0.0234375,-0.0390625,1.0
3251,2031.875,-0.0390625,-0.03125,1.0
3252,2032.5,-0.03125,0.0,1.0
3253,2033.125,-0.0625,0.0,1.0
3254,2033.75,-0.0390625,0.0,0.984375
3255,2034.375,-0.046875,-0.0390625,0.984375
3256,2035.0,-0.03125,-0.046875,0.984375
3257,2035.625,-0.0390625,-0.0625,0.9765625
3258,2036.25,-0.03125,-0.0625,0.9921875
3259,2036.875,-0.0390625,-0.0390625,1.0
3260,2037.5,-0.0390625,-0.0390625,1.0234375
3261,2038.125,-0.046875,-0.0390625,1.0078125
3262,2038.75,-0.0390625,-0.0390625,1.015625
3263,2039.375,-0.0390625,-0.0390625,1.0
3264,2040.0,-0.0546875,-0.03125,0.9765625
3265,2040.625,-0.03125,-0.0546875,0.96875
3266,2041.25,-0.03125,-0.0546875,0.953125
3267,2041.875,-0.03125,-0.046875,1.0
3268,2042.5,-0.0390625,-0.046875,1.0078125
3269,2043.125,-0.046875,-0.0234375,0.984375
3270,2043.75,-0.0625,-0.03125,1.0
3271,2044.375,-0.0546875,-0.0390625,1.0
3272,2045.0,-0.0625,-0.0546875,1.0
3273,2045.625,-0.0703125,-0.0234375,1.0078125
3274,2046.25,-0.0546875,-0.0234375,1.0
3275,2046.875,-0.015625,-0.0390625,1.0
3276,2047.5,-0.0546875,-0.0234375,1.0
3277,2048.125,-0.03125,-0.0390625,1.0
3278,2048.75,-0.0703125,-0.03125,1.0078125
3279,2049.375,-0.03125,0.0,1.0
3280,2050.0,-0.015625,-0.0390625,0.984375
3281,2050.625,-0.015625,-0.0390625,1.0
3282,2051.25,-0.03125,-0.0546875,1.0
3283,2051.875,-0.078125,-0.015625,1.0234375
3284,2052.5,-0.046875,-0.0390625,0.984375
3285,2053.125,-0.0703125,0.0,1.0
3286,2053.75,-0.0625,-0.03125,0.984375
3287,2054.375,-0.046875,-0.03125,1.0
3288,2055.0,-0.0546875,-0.0625,1.0
3289,2055.625,-0.0546875,-0.03125,1.0
3290,2056.25,-0.0546875,-0.015625,1.0
3291,2056.875,-0.0546875,-0.046875,1.0
3292,2057.5,-0.0625,-0.03125,1.015625
3293,2058.125,-0.078125,-0.015625,1.0
3294,2058.75,-0.0625,-0.03125,1.0
3295,2059.375,-0.078125,-0.03125,0.9765625
3296,2060.0,-0.0546875,-0.0234375,0.984375
3297,2060.625,-0.0390625,-0.03125,0.9765625
3298,2061.25,-0.0703125,-0.03125,1.0
3299,2061.875,-0.0546875,-0.0390625,0.984375
3300,2062.5,-0.0625,-0.03125,1.0
3301,2063.125,-0.0546875,-0.03125,1.0078125
3302,2063.75,-0.0625,-0.03125,1.0
3303,2064.375,-0.0625,-0.03125,0.9921875
3304,2065.0,-0.046875,-0.0234375,1.0
3305,2065.625,-0.046875,-0.0234375,0.9921875
3306,2066.25,-0.0703125,0.0,1.0
3307,2066.875,-0.0390625,-0.0234375,1.0
3308,2067.5,-0.0234375,-0.0234375,1.0
3309,2068.125,-0.03125,-0.0234375,0.9921875
3310,2068.75,-0.03125,-0.015625,1.0
3311,2069.375,-0.0625,-0.03125,1.0
3312,2070.0,-0.0625,0.0078125,1.0
3313,2070.625,-0.0625,0.0,0.984375
3314,2071.25,-0.0625,0.0,0.9921875
3315,2071.875,-0.046875,-0.0234375,1.0
3316,2072.5,-0.0390625,-0.03125,0.9921875
3317,2073.125,-0.0390625,-0.046875,0.9921875
3318,2073.75,-0.0390625,-0.03125,0.9921875
3319,2074.375,-0.0234375,0.0,1.0
3320,2075.0,-0.0234375,-0.015625,1.03125
3321,2075.625,0.0,-0.015625,1.015625
3322,2076.25,-0.0390625,-0.015625,0.9765625
3323,2076.875,-0.03125,-0.015625,0.9765625
3324,2077.5,-0.03125,-0.03125,0.984375
3325,2078.125,-0.03125,-0.0390625,1.0
3326,2078.75,-0.015625,-0.0234375,1.0
3327,2079.375,-0.03125,-0.015625,1.0
3328,2080.0,-0.0390625,-0.0234375,1.0
3329,2080.625,-0.03125,-0.0234375,1.0
3330,2081.25,-0.03125,-0.03125,1.0234375
3331,2081.875,-0.0546875,0.0,1.03125
3332,2082.5,-0.0390625,-0.015625,1.015625
3333,2083.125,-0.0625,-0.015625,1.0
3334,2083.75,-0.03125,-0.03125,1.0078125
3335,2084.375,-0.0703125,-0.015625,1.0078125
3336,2085.0,-0.0625,-0.0234375,1.0078125
3337,2085.625,-0.046875,-0.015625,1.0390625
3338,2086.25,-0.03125,-0.0546875,1.03125
3339,2086.875,-0.0390625,-0.0234375,1.03125
3340,2087.5,-0.046875,0.0,1.0078125
3341,2088.125,-0.0703125,0.0,1.0390625
3342,2088.75,-0.09375,0.0,1.03125
3343,2089.375,-0.0703125,0.0,1.0390625
3344,2090.0,-0.0546875,-0.03125,1.03125
3345,2090.625,-0.046875,-0.046875,1.0234375
3346,2091.25,-0.0546875,-0.0390625,1.0234375
3347,2091.875,-0.046875,-0.0390625,1.0390625
3348,2092.5,-0.0625,-0.0234375,1.0546875
3349,2093.125,-0.046875,-0.03125,1.0625
3350,2093.75,-0.015625,-0.046875,1.0390625
3351,2094.375,-0.0390625,-0.0234375,0.984375
3352,2095.0,-0.0546875,0.0,0.9921875
3353,2095.625,-0.046875,-0.03125,0.9765625
3354,2096.25,-0.0390625,-0.0234375,1.0078125
3355,2096.875,-0.0546875,-0.0234375,1.0078125
3356,2097.5,-0.078125,0.0,1.0078125
3357,2098.125,-0.046875,-0.03125,1.0078125
3358,2098.75,-0.046875,-0.03125,1.03125
3359,2099.375,-0.0625,-0.03125,1.03125
3360,2100.0,-0.03125,-0.0390625,1.0234375
3361,2100.625,-0.0546875,-0.046875,1.0078125
3362,2101.25,-0.03125,-0.0703125,1.0390625
3363,2101.875,-0.0390625,-0.0546875,1.015625
3364,2102.5,-0.078125,-0.0390625,1.0234375
3365,2103.125,-0.0390625,-0.0625,1.03125
3366,2103.75,0.0,-0.0546875,1.03125
3367,2104.375,-0.015625,-0.0390625,1.03125
3368,2105.0,-0.015625,-0.0703125,1.0234375
3369,2105.625,-0.078125,-0.03125,1.0234375
3370,2106.25,-0.078125,0.0,1.015625
3371,2106.875,-0.078125,0.0,1.0546875
3372,2107.5,-0.0546875,-0.0546875,1.0234375
3373,2108.125,-0.046875,-0.078125,1.0234375
3374,2108.75,-0.0390625,-0.078125,1.015625
3375,2109.375,-0.0546875,-0.0859375,1.03125
3376,2110.0,-0.0390625,-0.0546875,1.046875
3377,2110.625,-0.0546875,-0.046875,1.0625
3378,2111.25,-0.0546875,-0.046875,1.1171875
3379,2111.875,-0.0390625,-0.0390625,1.09375
3380,2112.5,-0.046875,-0.0234375,1.046875
3381,2113.125,-0.0390625,-0.03125,1.0234375
3382,2113.75,-0.0546875,-0.03125,1.0
3383,2114.375,-0.0625,-0.0390625,1.0078125
3384,2115.0,-0.046875,-0.0390625,1.046875
3385,2115.625,-0.0546875,-0.0234375,1.0546875
3386,2116.25,-0.0625,-0.03125,1.0390625
3387,2116.875,-0.0546875,-0.0703125,1.0390625
3388,2117.5,-0.0390625,-0.046875,1.0234375
3389,2118.125,-0.046875,-0.0390625,1.046875
3390,2118.75,-0.0234375,-0.0546875,1.046875
3391,2119.375,-0.0546875,-0.046875,1.0390625
3392,2120.0,-0.03125,-0.0390625,1.015625
3393,2120.625,-0.046875,-0.046875,1.03125
3394,2121.25,-0.046875,-0.0546875,1.0234375
3395,2121.875,-0.015625,-0.0546875,1.0625
3396,2122.5,0.0,-0.0546875,1.03125
3397,2123.125,0.0,-0.0390625,1.0546875
3398,2123.75,0.0,-0.0390625,1.046875
3399,2124.375,-0.0703125,-0.0234375,1.0390625
3400,2125.0,-0.078125,0.0,1.03125
3401,2125.625,-0.078125,0.0,1.046875
3402,2126.25,-0.078125,0.015625,1.0390625
3403,2126.875,-0.046875,-0.0390625,1.0234375
3404,2127.5,-0.0390625,-0.078125,1.0234375
3405,2128.125,-0.0234375,-0.0625,1.0234375
3406,2128.75,-0.0390625,-0.0546875,1.0234375
3407,2129.375,-0.0390625,-0.046875,1.0625
3408,2130.0,-0.046875,-0.03125,1.078125
3409,2130.625,-0.0390625,-0.0546875,1.09375
3410,2131.25,-0.03125,-0.0390625,1.0390625
3411,2131.875,-0.046875,-0.0234375,1.0
3412,2132.5,-0.0546875,-0.0390625,0.96875
3413,2133.125,-0.0546875,-0.0390625,0.9921875
3414,2133.75,-0.0390625,-0.0390625,1.0078125
3415,2134.375,-0.046875,-0.0390625,1.0234375
3416,2135.0,-0.046875,-0.03125,1.0390625
3417,2135.625,-0.0390625,-0.0234375,1.0234375
3418,2136.25,-0.0234375,-0.0625,1.0234375
3419,2136.875,-0.015625,-0.0390625,1.046875
3420,2137.5,-0.0390625,-0.0234375,1.0234375
3421,2138.125,-0.03125,-0.046875,1.0234375
3422,2138.75,-0.0390625,-0.03125,1.0234375
3423,2139.375,-0.0390625,-0.0390625,1.0390625
3424,2140.0,-0.03125,-0.0234375,1.0390625
3425,2140.625,-0.03125,-0.0390625,1.0234375
3426,2141.25,-0.0390625,-0.0390625,1.015625
3427,2141.875,0.0,-0.0390625,1.03125
3428,2142.5,0.0078125,-0.0234375,1.0234375
3429,2143.125,0.03125,-0.03125,1.015625
3430,2143.75,0.0,-0.0546875,1.03125
3431,2144.375,-0.0546875,0.0,1.046875
3432,2145.0,-0.078125,0.0234375,1.0390625
3433,2145.625,-0.0703125,0.03125,1.0390625
3434,2146.25,-0.046875,-0.0625,1.0234375
3435,2146.875,-0.0234375,-0.078125,1.0546875
3436,2147.5,-0.03125,-0.0625,1.0234375
3437,2148.125,-0.015625,-0.0859375,1.015625
3438,2148.75,0.0,-0.0390625,1.03125
3439,2149.375,-0.0234375,-0.03125,1.09375
3440,2150.0,-0.03125,-0.046875,1.1171875
3441,2150.625,-0.03125,-0.015625,1.1171875
3442,2151.25,-0.046875,-0.0390625,1.0
3443,2151.875,0.0,-0.0625,1.0
3444,2152.5,-0.0390625,-0.0390625,0.984375
3445,2153.125,-0.03125,-0.0390625,1.015625
3446,2153.75,-0.03125,-0.0625,1.0546875
3447,2154.375,-0.0390625,-0.0390625,1.0546875
3448,2155.0,-0.0390625,-0.0546875,1.046875
3449,2155.625,-0.0234375,-0.0546875,1.0625
3450,2156.25,-0.0390625,-0.0390625,1.0546875
3451,2156.875,0.0078125,-0.0546875,1.09375
3452,2157.5,-0.0234375,-0.0546875,1.0546875
3453,2158.125,-0.03125,-0.0625,1.0859375
3454,2158.75,-0.0234375,-0.0546875,1.078125
3455,2159.375,0.0,-0.0703125,1.09375
3456,2160.0,-0.015625,-0.0390625,1.109375
3457,2160.625,-0.03125,-0.03125,1.078125
3458,2161.25,0.015625,-0.0625,1.078125
3459,2161.875,0.015625,-0.0625,1.1015625
3460,2162.5,0.0625,-0.0625,1.078125
3461,2163.125,0.0,-0.0703125,1.1015625
3462,2163.75,-0.0625,-0.03125,1.1015625
3463,2164.375,-0.0703125,0.0,1.09375
3464,2165.0,-0.0625,0.0234375,1.1328125
3465,2165.625,0.0234375,-0.0546875,1.125
3466,2166.25,-0.015625,-0.1015625,1.1171875
3467,2166.875,0.0,-0.1171875,1.1015625
3468,2167.5,-0.015625,-0.09375,1.1640625
3469,2168.125,-0.03125,-0.046875,1.203125
3470,2168.75,0.0,-0.0546875,1.21875
3471,2169.375,-0.015625,-0.0546875,1.25
3472,2170.0,-0.0234375,-0.0625,1.1796875
3473,2170.625,-0.03125,-0.0546875,1.125
3474,2171.25,0.0,-0.0625,1.1015625
3475,2171.875,0.0,-0.046875,1.1015625
3476,2172.5,0.0,-0.0625,1.203125
3477,2173.125,0.0,-0.078125,1.2109375
3478,2173.75,0.0,-0.0546875,1.234375
3479,2174.375,0.0,-0.0546875,1.25
3480,2175.0,0.015625,-0.0703125,1.2421875
3481,2175.625,0.0,-0.0703125,1.25
3482,2176.25,0.0,-0.0546875,1.2421875
3483,2176.875,0.0,-0.0703125,1.21875
3484,2177.5,0.0,-0.078125,1.25
3485,2178.125,-0.0234375,-0.0625,1.2890625
3486,2178.75,0.0,-0.0625,1.25
3487,2179.375,0.0625,-0.078125,1.2734375
3488,2180.0,0.0546875,-0.0859375,1.2734375
3489,2180.625,0.0703125,-0.109375,1.2734375
3490,2181.25,0.0703125,-0.1015625,1.2734375
3491,2181.875,0.0078125,-0.0703125,1.3046875
3492,2182.5,0.015625,-0.0625,1.2734375
3493,2183.125,0.0,-0.0390625,1.2890625
3494,2183.75,0.015625,-0.046875,1.28125
3495,2184.375,0.015625,-0.1171875,1.296875
3496,2185.0,0.0234375,-0.1328125,1.296875
3497,2185.625,0.03125,-0.1328125,1.2890625
3498,2186.25,0.0234375,-0.125,1.40625
3499,2186.875,0.015625,-0.1328125,1.40625
3500,2187.5,0.0078125,-0.1171875,1.421875
3501,2188.125,0.015625,-0.109375,1.4375
3502,2188.75,0.0078125,-0.109375,1.3984375
3503,2189.375,0.03125,-0.15625,1.421875
3504,2190.0,0.015625,-0.1171875,1.390625
3505,2190.625,0.0078125,-0.140625,1.3671875
3506,2191.25,0.0390625,-0.1484375,1.4375
3507,2191.875,0.015625,-0.140625,1.3984375
3508,2192.5,-0.03125,-0.125,1.4921875
3509,2193.125,0.03125,-0.203125,1.3984375
3510,2193.75,0.0,-0.1171875,1.6171875
3511,2194.375,0.0,-0.1796875,1.46875
3512,2195.0,-0.0390625,-0.09375,1.59375
3513,2195.625,-0.015625,-0.1875,1.5
3514,2196.25,-0.0234375,-0.125,1.6484375
3515,2196.875,-0.03125,-0.1640625,1.5703125
3516,2197.5,-0.015625,-0.1328125,1.65625
3517,2198.125,-0.03125,-0.1875,1.609375
3518,2198.75,-0.03125,-0.15625,1.6953125
3519,2199.375,-0.046875,-0.15625,1.7109375
3520,2200.0,-0.015625,-0.15625,1.7421875
3521,2200.625,-0.0390625,-0.1640625,1.71875
3522,2201.25,-0.0390625,-0.140625,1.7421875
3523,2201.875,-0.0625,-0.1484375,1.8125
3524,2202.5,-0.0703125,-0.1875,1.8203125
3525,2203.125,-0.0546875,-0.125,1.875
3526,2203.75,-0.09375,-0.15625,1.8828125
3527,2204.375,-0.109375,-0.1875,1.8984375
3528,2205.0,-0.0546875,-0.2109375,1.90625
3529,2205.625,-0.0703125,-0.140625,1.9609375
3530,2206.25,-0.03125,-0.1953125,2.0
3531,2206.875,-0.109375,-0.140625,2.1015625
3532,2207.5,0.0,-0.203125,2.125
3533,2208.125,-0.015625,-0.171875,2.1796875
3534,2208.75,0.0078125,-0.2109375,2.0625
3535,2209.375,-0.0546875,-0.1953125,2.2421875
3536,2210.0,0.03125,-0.25,2.1328125
3537,2210.625,0.0390625,-0.1875,2.3046875
3538,2211.25,0.0546875,-0.2109375,2.2578125
3539,2211.875,0.078125,-0.1953125,2.3515625
3540,2212.5,0.0390625,-0.1953125,2.28125
3541,2213.125,-0.0234375,-0.140625,2.359375
3542,2213.75,-0.09375,-0.1328125,2.2890625
3543,2214.375,-0.1015625,-0.109375,2.3984375
3544,2215.0,-0.1484375,-0.1171875,2.3671875
3545,2215.625,-0.1640625,-0.09375,2.3671875
3546,2216.25,-0.046875,-0.15625,2.3046875
3547,2216.875,-0.1015625,-0.140625,2.375
3548,2217.5,-0.1640625,-0.1484375,2.2578125
3549,2218.125,-0.21875,-0.0703125,2.46875
3550,2218.75,-0.125,-0.0703125,2.34375
3551,2219.375,-0.21875,-0.03125,2.4453125
3552,2220.0,-0.171875,-0.1015625,2.3828125
3553,2220.625,-0.1953125,-0.0859375,2.359375
3554,2221.25,-0.2421875,-0.0546875,2.3828125
3555,2221.875,-0.3203125,-0.1796875,2.40625
3556,2222.5,-0.25,-0.1171875,2.2109375
3557,2223.125,-0.2890625,-0.0859375,2.3203125
3558,2223.75,-0.296875,-0.140625,2.2578125
3559,2224.375,-0.2890625,-0.125,2.28125
3560,2225.0,-0.25,-0.078125,2.3828125
3561,2225.625,-0.234375,-0.1015625,2.2734375
3562,2226.25,0.328125,0.0078125,2.46875
3563,2226.875,0.1171875,-0.25,2.1640625
3564,2227.5,-0.171875,-0.109375,2.578125
3565,2228.125,-0.046875,-0.0546875,2.125
3566,2228.75,0.0234375,0.0,2.5
3567,2229.375,-0.140625,0.0234375,2.2734375
3568,2230.0,-0.2421875,-0.2890625,2.421875
3569,2230.625,-0.0859375,-0.140625,2.1953125
3570,2231.25,-0.1875,-0.015625,2.4140625
3571,2231.875,-0.2421875,-0.15625,2.203125
3572,2232.5,-0.2890625,-0.0703125,2.390625
3573,2233.125,-0.21875,-0.1796875,2.21875
3574,2233.75,-0.3046875,-0.03125,2.4921875
3575,2234.375,-0.25,-0.1015625,2.25
3576,2235.0,-0.1796875,0.0,2.4765625
3577,2235.625,-0.1015625,-0.0859375,2.3203125
3578,2236.25,-0.1015625,-0.1171875,2.2421875
3579,2236.875,-0.1015625,-0.109375,2.3984375
3580,2237.5,-0.078125,-0.1171875,2.1953125
3581,2238.125,-0.109375,-0.15625,2.4375
3582,2238.75,-0.0234375,-0.1875,2.2109375
3583,2239.375,0.0,-0.1953125,2.5390625
3584,2240.0,0.0,0.34375,2.46875
3585,2240.625,-0.0859375,-0.3515625,1.9765625
3586,2241.25,-0.0625,0.0390625,2.609375
3587,2241.875,-0.046875,-0.328125,2.109375
3588,2242.5,-0.1640625,0.0546875,2.4375
3589,2243.125,-0.1015625,0.0546875,2.1953125
3590,2243.75,-0.1328125,-0.078125,2.3671875
3591,2244.375,-0.171875,-0.125,2.296875
3592,2245.0,-0.25,-0.140625,2.265625
3593,2245.625,-0.21875,-0.09375,2.21875
3594,2246.25,-0.171875,-0.0234375,2.1796875
3595,2246.875,-0.171875,-0.0703125,2.25
3596,2247.5,-0.1953125,-0.140625,2.203125
3597,2248.125,-0.1875,-0.0703125,2.2890625
3598,2248.75,-0.125,-0.1328125,2.125
3599,2249.375,-0.203125,-0.0390625,2.2421875
3600,2250.0,-0.125,-0.1015625,2.03125
3601,2250.625,-0.1796875,-0.0390625,2.2109375
3602,2251.25,-0.1796875,-0.1484375,2.0078125
3603,2251.875,-0.234375,-0.046875,2.1796875
3604,2252.5,-0.1953125,-0.078125,2.046875
3605,2253.125,-0.203125,0.0,2.171875
3606,2253.75,-0.078125,0.0,2.0
3607,2254.375,-0.1484375,-0.046875,2.1484375
3608,2255.0,-0.1796875,-0.140625,1.9296875
3609,2255.625,-0.234375,-0.1328125,1.828125
3610,2256.25,-0.0703125,-0.046875,2.0
3611,2256.875,-0.078125,-0.1171875,1.8984375
3612,2257.5,-0.203125,-0.09375,1.953125
3613,2258.125,-0.1484375,-0.09375,1.8984375
3614,2258.75,-0.09375,-0.0390625,2.0
3615,2259.375,-0.1640625,-0.0546875,1.9296875
3616,2260.0,-0.171875,-0.03125,1.96875
3617,2260.625,-0.0625,-0.0625,1.8515625
3618,2261.25,-0.109375,-0.0859375,1.8671875
3619,2261.875,-0.1640625,-0.109375,1.796875
3620,2262.5,-0.078125,-0.1015625,1.7890625
3621,2263.125,-0.015625,-0.0859375,1.828125
3622,2263.75,-0.15625,-0.078125,1.8046875
3623,2264.375,-0.1640625,-0.0390625,1.8046875
3624,2265.0,-0.0625,-0.0703125,1.75
3625,2265.625,-0.0546875,-0.03125,1.7890625
3626,2266.25,-0.0546875,-0.0625,1.7421875
3627,2266.875,-0.03125,-0.03125,1.7578125
3628,2267.5,0.0,-0.0390625,1.796875
3629,2268.125,-0.1796875,0.0,1.78125
3630,2268.75,-0.1171875,-0.171875,1.53125
3631,2269.375,-0.0390625,0.0,1.96875
3632,2270.0,-0.0859375,-0.109375,1.71875
3633,2270.625,-0.1875,-0.046875,1.796875
3634,2271.25,-0.09375,-0.1015625,1.6015625
3635,2271.875,0.0,-0.109375,1.5859375
3636,2272.5,-0.0859375,-0.109375,1.71875
3637,2273.125,0.0,-0.21875,1.3515625
3638,2273.75,-0.0625,0.015625,1.8984375
3639,2274.375,-0.0859375,-0.1640625,1.4453125
3640,2275.0,-0.125,0.03125,1.859375
3641,2275.625,-0.3046875,-0.09375,1.5
3642,2276.25,-0.1953125,-0.03125,1.75
3643,2276.875,-0.125,-0.0859375,1.4921875
3644,2277.5,-0.15625,-0.0390625,1.640625
3645,2278.125,-0.203125,-0.140625,1.3828125
3646,2278.75,-0.0859375,-0.0859375,1.5625
3647,2279.375,-0.296875,0.1171875,1.34375
3648,2280.0,-0.125,-0.1953125,1.71875
3649,2280.625,0.0,-0.03125,1.4375
3650,2281.25,-0.0546875,-0.125,1.3359375
3651,2281.875,0.09375,-0.1484375,1.40625
3652,2282.5,0.0390625,-0.1875,1.390625
3653,2283.125,-0.0546875,-0.2265625,1.1640625
3654,2283.75,-0.09375,-0.0546875,1.4921875
3655,2284.375,0.0546875,-0.2109375,1.09375
3656,2285.0,-0.0390625,0.0625,1.4609375
3657,2285.625,-0.1953125,-0.15625,1.1953125
3658,2286.25,-0.125,0.0,1.4765625
3659,2286.875,0.015625,0.0,1.2578125
3660,2287.5,-0.3359375,0.09375,1.5546875
3661,2288.125,-0.15625,0.15625,1.3515625
3662,2288.75,-0.3828125,0.0546875,1.5078125
3663,2289.375,-0.1015625,-0.2265625,1.2890625
3664,2290.0,-0.3125,-0.0625,1.1953125
3665,2290.625,-0.3125,-0.2421875,0.796875
3666,2291.25,-0.328125,-0.03125,1.4296875
3667,2291.875,0.3671875,-0.109375,0.875
3668,2292.5,-0.078125,-0.0625,1.109375
3669,2293.125,0.1484375,0.09375,1.25
3670,2293.75,-0.1328125,0.1328125,1.1328125
3671,2294.375,0.0546875,0.1796875,1.65625
3672,2295.0,-0.0703125,0.109375,1.1015625
3673,2295.625,-0.1171875,0.0625,1.015625
3674,2296.25,-0.359375,-0.25,0.4140625
3675,2296.875,0.0,0.0390625,0.8671875
3676,2297.5,0.1875,-0.28125,0.8203125
3677,2298.125,0.0625,-0.015625,1.3671875
3678,2298.75,0.0,-0.0703125,1.203125
3679,2299.375,0.0,0.453125,1.9140625
3680,2300.0,-0.28125,-0.03125,0.96875
3681,2300.625,-0.1328125,0.515625,1.75
3682,2301.25,-0.078125,-0.2578125,0.7890625
3683,2301.875,-0.2421875,0.265625,1.6484375
3684,2302.5,-0.234375,-0.0625,0.7109375
3685,2303.125,-0.75,0.046875,1.171875
3686,2303.75,-0.3046875,-0.0859375,0.65625
3687,2304.375,-0.265625,0.0546875,1.1875
3688,2305.0,-0.2109375,-0.140625,0.75
3689,2305.625,-0.15625,0.1796875,1.09375
3690,2306.25,0.0234375,-0.09375,0.78125
3691,2306.875,0.0,0.25,1.1796875
3692,2307.5,-0.078125,-0.1328125,0.8359375
3693,2308.125,-0.0546875,-0.21875,1.15625
3694,2308.75,0.0546875,0.2265625,0.96875
3695,2309.375,-0.109375,-0.125,0.2890625
3696,2310.0,-0.2890625,-0.234375,0.46875
3697,2310.625,-0.0859375,0.0,0.4765625
3698,2311.25,-0.453125,0.125,0.703125
3699,2311.875,-0.1875,0.234375,0.9921875
3700,2312.5,-0.09375,0.5390625,1.5546875
3701,2313.125,-0.3515625,0.109375,1.1796875
3702,2313.75,0.3984375,0.6875,1.5
3703,2314.375,-0.3125,0.359375,1.28125
3704,2315.0,-0.1484375,-0.0703125,0.8359375
3705,2315.625,-0.2421875,0.171875,0.9453125
3706,2316.25,0.0546875,-0.3828125,0.265625
3707,2316.875,-0.2734375,-0.0625,0.6171875
3708,2317.5,0.109375,-0.3984375,0.2265625
3709,2318.125,-0.359375,-0.1484375,0.6171875
3710,2318.75,0.0,-0.4453125,0.0859375
3711,2319.375,-0.2109375,-0.09375,0.7109375
3712,2320.0,-0.0625,0.3203125,0.84375
3713,2320.625,-0.1640625,-0.1328125,0.53125
3714,2321.25,-0.1875,0.3828125,1.1171875
3715,2321.875,-0.28125,0.1484375,0.609375
3716,2322.5,-0.3046875,0.3203125,0.921875
3717,2323.125,-0.3046875,0.0625,0.46875
3718,2323.75,-0.3046875,0.171875,0.890625
3719,2324.375,-0.2265625,-0.046875,0.34375
3720,2325.0,-0.203125,0.1015625,0.8359375
3721,2325.625,-0.515625,0.21875,1.0625
3722,2326.25,-0.0625,0.2109375,0.6171875
3723,2326.875,-0.28125,0.0859375,1.328125
3724,2327.5,0.0,-0.2890625,0.2421875
3725,2328.125,0.0078125,0.2734375,0.921875
3726,2328.75,0.015625,-0.203125,0.359375
3727,2329.375,-0.0546875,-0.40625,0.1875
3728,2330.0,0.28125,-0.4375,-0.1640625
3729,2330.625,-0.15625,0.3125,1.1328125
3730,2331.25,-0.03125,-0.1171875,0.4375
3731,2331.875,-0.53125,0.296875,1.0625
3732,2332.5,-0.640625,-0.15625,0.0703125
3733,2333.125,-0.265625,0.046875,0.625
3734,2333.75,-0.125,-0.1171875,0.1171875
3735,2334.375,-0.234375,0.09375,0.78125
3736,2335.0,-0.28125,-0.0625,0.3203125
3737,2335.625,0.1171875,0.25,1.109375
3738,2336.25,-0.203125,-0.109375,0.1484375
3739,2336.875,-0.171875,0.3671875,1.21875
3740,2337.5,0.03125,0.1875,0.4765625
3741,2338.125,-0.1875,0.25,0.796875
3742,2338.75,-0.109375,-0.03125,0.265625
3743,2339.375,-0.2421875,0.328125,0.5546875
3744,2340.0,0.09375,0.046875,0.1875
3745,2340.625,-0.234375,0.2109375,0.8984375
3746,2341.25,0.140625,-0.15625,0.2890625
3747,2341.875,-0.1015625,0.34375,1.03125
3748,2342.5,-0.1171875,0.09375,0.5390625
3749,2343.125,-0.515625,0.1484375,0.71875
3750,2343.75,-0.2421875,-0.09375,0.296875
3751,2344.375,-0.3203125,0.0703125,0.4609375
3752,2345.0,-0.390625,-0.03125,0.1328125
3753,2345.625,-0.390625,0.0859375,0.453125
3754,2346.25,-0.1015625,-0.015625,0.265625
3755,2346.875,-0.3203125,0.2890625,0.71875
3756,2347.5,0.0,0.25,0.5078125
3757,2348.125,0.109375,0.5,1.125
3758,2348.75,-0.1953125,0.0234375,0.2421875
3759,2349.375,-0.1484375,0.5,1.0234375
3760,2350.0,-0.1171875,-0.1015625,0.03125
3761,2350.625,-0.2890625,0.2265625,0.84375
3762,2351.25,-0.1875,-0.3125,-0.3125
3763,2351.875,-0.21875,0.0,0.3671875
3764,2352.5,-0.25,-0.1796875,-0.21875
3765,2353.125,-0.3046875,0.1328125,0.53125
3766,2353.75,-0.234375,-0.0390625,0.1640625
3767,2354.375,-0.2109375,0.125,0.5546875
3768,2355.0,-0.046875,0.1484375,0.4296875
3769,2355.625,-0.1171875,0.2421875,0.59375
3770,2356.25,-0.109375,0.1796875,0.4609375
3771,2356.875,-0.078125,0.25,0.46875
3772,2357.5,-0.1484375,0.125,0.3359375
3773,2358.125,-0.1796875,0.125,0.3515625
3774,2358.75,-0.21875,0.078125,0.25
3775,2359.375,-0.2265625,0.109375,0.2265625
3776,2360.0,-0.15625,0.109375,0.234375
3777,2360.625,-0.25,0.0703125,0.2265625
3778,2361.25,-0.25,0.09375,0.2421875
3779,2361.875,-0.1875,0.078125,0.203125
3780,2362.5,-0.21875,0.1171875,0.265625
3781,2363.125,-0.15625,0.0546875,0.171875
3782,2363.75,-0.125,0.125,0.25
3783,2364.375,-0.09375,0.0625,0.1640625
3784,2365.0,-0.140625,0.109375,0.2578125
3785,2365.625,-0.1015625,0.0546875,0.1015625
3786,2366.25,-0.0390625,0.0390625,0.140625
3787,2366.875,-0.09375,0.140625,0.1875
3788,2367.5,-0.1484375,0.0,0.03125
3789,2368.125,-0.1328125,0.1484375,0.1875
3790,2368.75,-0.0625,0.0625,0.0
3791,2369.375,-0.1875,0.203125,0.25
3792,2370.0,-0.2421875,0.078125,0.0703125
3793,2370.625,-0.109375,0.15625,0.21875
3794,2371.25,-0.1328125,0.0703125,-0.0390625
3795,2371.875,-0.0703125,0.0625,0.046875
3796,2372.5,-0.0859375,0.0,-0.0625
3797,2373.125,-0.0625,0.0234375,0.046875
3798,2373.75,-0.1015625,0.0,-0.0390625
3799,2374.375,-0.078125,0.0703125,0.0078125
3800,2375.0,-0.1015625,0.03125,-0.0859375
3801,2375.625,-0.0703125,0.046875,-0.0546875
3802,2376.25,-0.078125,0.0625,-0.0703125
3803,2376.875,-0.046875,0.0546875,-0.0546875
3804,2377.5,-0.09375,0.1015625,0.0
3805,2378.125,-0.078125,0.0546875,-0.1328125
3806,2378.75,-0.0546875,0.0546875,-0.140625
3807,2379.375,-0.0390625,0.0,-0.1328125
3808,2380.0,-0.015625,0.015625,-0.1640625
3809,2380.625,-0.0625,0.03125,-0.1640625
3810,2381.25,-0.0390625,0.046875,-0.1875
3811,2381.875,-0.0703125,0.0859375,-0.125
3812,2382.5,-0.0625,0.0625,-0.1953125
3813,2383.125,-0.0390625,0.09375,-0.140625
3814,2383.75,-0.0546875,0.0546875,-0.1796875
3815,2384.375,-0.0546875,0.0859375,-0.125
3816,2385.0,0.0,0.046875,-0.1953125
3817,2385.625,0.0,0.0546875,-0.1484375
3818,2386.25,0.015625,0.015625,-0.2265625
3819,2386.875,0.0,0.0625,-0.1796875
3820,2387.5,0.0234375,0.0,-0.25
3821,2388.125,0.0078125,0.0625,-0.171875
3822,2388.75,0.015625,0.03125,-0.25
3823,2389.375,0.0078125,0.0625,-0.171875
3824,2390.0,0.0078125,0.0078125,-0.2734375
3825,2390.625,0.0078125,0.0546875,-0.203125
3826,2391.25,0.015625,0.03125,-0.2734375
3827,2391.875,0.0,0.0625,-0.21875
3828,2392.5,0.078125,-0.0625,-0.3828125
3829,2393.125,0.015625,0.0078125,-0.171875
3830,2393.75,0.0,0.09375,-0.0234375
3831,2394.375,0.0859375,-0.1484375,-0.6015625
3832,2395.0,0.03125,-0.0703125,-0.6640625
3833,2395.625,0.0703125,-0.28125,-0.984375
3834,2396.25,0.2109375,0.1015625,-0.2578125
3835,2396.875,0.0,0.21875,0.0234375
3836,2397.5,0.1171875,0.2890625,0.140625
3837,2398.125,0.2265625,0.421875,0.3984375
3838,2398.75,-0.03125,-0.0546875,-0.0234375
3839,2399.375,-0.171875,0.0703125,0.0859375
3840,2400.0,-0.1015625,-0.2578125,-0.609375
3841,2400.625,0.015625,-0.15625,-0.28125
3842,2401.25,0.09375,-0.375,-0.8203125
3843,2401.875,0.109375,-0.1640625,-0.359375
3844,2402.5,0.25,-0.1484375,-0.6875
3845,2403.125,0.28125,0.046875,-0.3046875
3846,2403.75,0.234375,0.1484375,-0.21875
3847,2404.375,0.046875,0.15625,-0.046875
3848,2405.0,-0.0546875,0.359375,0.046875
3849,2405.625,0.0078125,-0.078125,-0.6640625
3850,2406.25,0.0078125,0.09375,-0.3828125
3851,2406.875,0.109375,-0.3359375,-1.078125
3852,2407.5,0.1328125,0.0546875,0.0
3853,2408.125,0.265625,-0.0703125,-0.40625
3854,2408.75,0.03125,0.2734375,0.40625
3855,2409.375,0.2265625,0.21875,0.03125
3856,2410.0,0.1171875,0.390625,0.375
3857,2410.625,-0.0390625,0.1484375,-0.25
3858,2411.25,-0.0703125,0.234375,-0.03125
3859,2411.875,0.0625,-0.0703125,-0.6328125
3860,2412.5,-0.046875,0.03125,-0.3125
3861,2413.125,-0.0625,-0.09375,-0.625
3862,2413.75,0.2421875,0.0234375,-0.25
3863,2414.375,0.1328125,0.171875,-0.0859375
3864,2415.0,0.140625,0.109375,0.0
3865,2415.625,0.1875,0.171875,0.0
3866,2416.25,0.171875,-0.0625,-0.3671875
3867,2416.875,0.2109375,-0.1328125,-0.5078125
3868,2417.5,0.25,-0.3046875,-0.796875
3869,2418.125,0.2421875,-0.2421875,-0.5
3870,2418.75,0.2890625,-0.21875,-0.5390625
3871,2419.375,0.296875,0.0,0.0
3872,2420.0,0.28125,0.0,-0.125
3873,2420.625,0.1875,0.140625,0.171875
3874,2421.25,0.140625,0.2109375,0.0625
3875,2421.875,0.1875,0.0078125,-0.1953125
3876,2422.5,0.1484375,0.1015625,-0.3125
3877,2423.125,0.1328125,-0.0703125,-0.4453125
3878,2423.75,0.1015625,0.0390625,-0.125
3879,2424.375,0.109375,0.0859375,-0.0859375
3880,2425.0,0.0546875,0.203125,0.25
3881,2425.625,0.203125,0.1796875,0.1328125
3882,2426.25,0.0625,0.1640625,0.0546875
3883,2426.875,-0.1015625,0.21875,-0.1640625
3884,2427.5,-0.015625,-0.140625,-0.4921875
3885,2428.125,0.1171875,0.0,-0.2578125
3886,2428.75,0.171875,-0.1875,-0.3671875
3887,2429.375,0.2109375,-0.0703125,-0.125
3888,2430.0,0.25,-0.0546875,-0.03125
3889,2430.625,0.1953125,0.0859375,0.1953125
3890,2431.25,0.265625,0.0,0.0625
3891,2431.875,0.2421875,0.0703125,0.1640625
3892,2432.5,0.234375,-0.0390625,-0.03125
3893,2433.125,0.1875,0.015625,0.0
3894,2433.75,0.234375,-0.1015625,-0.2109375
3895,2434.375,0.1875,-0.0390625,0.0
3896,2435.0,0.1171875,-0.03125,0.015625
3897,2435.625,0.125,0.03125,0.140625
3898,2436.25,0.1015625,0.0703125,0.140625
3899,2436.875,0.0,0.1015625,0.21875
3900,2437.5,0.0546875,0.0,0.0546875
3901,2438.125,0.0859375,0.0,0.21875
3902,2438.75,0.09375,-0.0234375,0.0
3903,2439.375,0.1171875,0.0078125,0.2109375
3904,2440.0,0.2421875,-0.0546875,0.0625
3905,2440.625,0.15625,0.0390625,0.34375
3906,2441.25,0.2109375,-0.109375,0.0078125
3907,2441.875,0.2421875,-0.0546875,0.078125
3908,2442.5,0.2421875,-0.125,0.0390625
3909,2443.125,0.125,0.0234375,0.296875
3910,2443.75,0.109375,0.0859375,0.4140625
3911,2444.375,0.015625,0.109375,0.484375
3912,2445.0,0.046875,0.0625,0.25
3913,2445.625,0.0234375,0.0546875,0.2890625
3914,2446.25,0.5390625,-0.015625,0.2265625
3915,2446.875,0.1796875,0.03125,0.4375
3916,2447.5,0.328125,0.0078125,0.6015625
3917,2448.125,0.2890625,0.1875,0.671875
3918,2448.75,0.2890625,-0.0703125,0.3046875
3919,2449.375,0.1171875,-0.0625,0.15625
3920,2450.0,0.3125,-0.25,0.0
3921,2450.625,0.203125,-0.15625,0.1640625
3922,2451.25,0.203125,-0.203125,0.140625
3923,2451.875,0.0625,-0.1171875,0.328125
3924,2452.5,0.109375,-0.0546875,0.3515625
3925,2453.125,0.0625,-0.015625,0.5703125
3926,2453.75,0.015625,0.015625,0.515625
3927,2454.375,0.0234375,0.046875,0.6171875
3928,2455.0,0.0546875,0.03125,0.5234375
3929,2455.625,0.0625,0.0234375,0.6171875
3930,2456.25,0.09375,-0.0234375,0.5
3931,2456.875,0.0703125,-0.046875,0.6015625
3932,2457.5,0.3125,0.0,0.5
3933,2458.125,0.25,0.0703125,0.75
3934,2458.75,0.296875,0.015625,0.6328125
3935,2459.375,0.1796875,0.1328125,0.90625
3936,2460.0,0.2109375,-0.015625,0.7109375
3937,2460.625,0.1640625,0.015625,0.6953125
3938,2461.25,0.1171875,-0.0625,0.5703125
3939,2461.875,0.0703125,-0.0625,0.5703125
3940,2462.5,0.0703125,-0.1015625,0.4921875
3941,2463.125,0.046875,-0.078125,0.5546875
3942,2463.75,0.0,-0.0390625,0.65625
3943,2464.375,0.0625,-0.0078125,0.625
3944,2465.0,0.0859375,0.0078125,0.78125
3945,2465.625,0.03125,-0.0703125,0.625
3946,2466.25,0.03125,0.03125,0.9765625
3947,2466.875,0.1484375,-0.1875,0.46875
3948,2467.5,0.078125,-0.078125,0.7578125
3949,2468.125,0.21875,-0.234375,0.453125
3950,2468.75,0.140625,-0.03125,0.78125
3951,2469.375,0.1640625,-0.09375,0.5703125
3952,2470.0,0.0703125,0.109375,0.921875
3953,2470.625,0.0859375,0.0,0.75
3954,2471.25,0.015625,0.125,1.0390625
3955,2471.875,0.0,0.046875,0.8125
3956,2472.5,-0.015625,0.0859375,0.9375
3957,2473.125,-0.015625,-0.046875,0.796875
3958,2473.75,-0.03125,-0.0234375,0.8828125
3959,2474.375,0.0234375,-0.1015625,0.71875
3960,2475.0,0.0546875,-0.0546875,0.859375
3961,2475.625,0.078125,-0.078125,0.734375
3962,2476.25,0.109375,-0.0625,0.8515625
3963,2476.875,0.109375,-0.0390625,0.8203125
3964,2477.5,0.109375,-0.03125,0.890625
3965,2478.125,0.1015625,0.0,0.8828125
3966,2478.75,0.0859375,0.0,0.90625
3967,2479.375,0.0703125,-0.015625,0.9375
3968,2480.0,0.046875,-0.0546875,0.8984375
3969,2480.625,0.015625,-0.0390625,0.9296875
3970,2481.25,0.015625,-0.078125,0.890625
3971,2481.875,0.03125,-0.0234375,0.9921875
3972,2482.5,0.0390625,-0.0546875,0.8671875
3973,2483.125,-0.015625,0.0,0.984375
3974,2483.75,0.0390625,-0.0625,0.828125
3975,2484.375,0.0859375,0.015625,1.0
3976,2485.0,0.1328125,-0.09375,0.8515625
3977,2485.625,0.09375,-0.046875,1.0234375
3978,2486.25,0.125,-0.109375,0.8828125
3979,2486.875,0.09375,-0.078125,1.0078125
3980,2487.5,0.09375,-0.1015625,0.8828125
3981,2488.125,0.0703125,-0.1015625,0.9921875
3982,2488.75,0.0703125,-0.1328125,0.921875
3983,2489.375,0.0546875,-0.109375,1.0
3984,2490.0,0.015625,-0.109375,0.921875
3985,2490.625,0.1484375,-0.0234375,1.0234375
3986,2491.25,-0.046875,0.0,0.9921875
3987,2491.875,-0.046875,-0.0703125,1.0
3988,2492.5,-0.015625,-0.046875,0.9609375
3989,2493.125,0.046875,-0.1015625,0.9140625
3990,2493.75,0.0,-0.15625,0.8515625
3991,2494.375,0.03125,-0.1640625,0.90625
3992,2495.0,0.0390625,-0.1484375,0.8984375
3993,2495.625,0.0859375,-0.1640625,0.9453125
3994,2496.25,0.0234375,-0.1171875,0.9921875
3995,2496.875,0.0625,-0.1015625,1.015625
3996,2497.5,0.0390625,-0.078125,1.046875
3997,2498.125,0.0078125,-0.078125,1.0
3998,2498.75,0.046875,-0.0390625,1.0390625
3999,2499.375,0.09375,-0.0546875,1.0234375
4000,2500.0,0.078125,-0.0703125,1.0234375
4001,2500.625,0.0546875,-0.0859375,1.015625
4002,2501.25,0.0625,-0.0859375,0.984375
4003,2501.875,0.0546875,-0.1328125,0.9921875
4004,2502.5,0.015625,-0.125,1.0
4005,2503.125,0.0234375,-0.1328125,0.9453125
4006,2503.75,0.0390625,-0.140625,1.0
4007,2504.375,0.046875,-0.140625,0.96875
4008,2505.0,-0.0234375,-0.109375,1.0
4009,2505.625,0.0,-0.1640625,0.953125
4010,2506.25,0.015625,-0.1015625,1.015625
4011,2506.875,0.03125,-0.1484375,0.9609375
4012,2507.5,0.046875,-0.1328125,1.03125
4013,2508.125,0.078125,-0.171875,0.9921875
4014,2508.75,0.03125,-0.1171875,1.03125
4015,2509.375,0.046875,-0.171875,1.0234375
4016,2510.0,0.0625,-0.15625,1.0390625
4017,2510.625,0.0234375,-0.140625,1.046875
4018,2511.25,0.0,-0.140625,1.078125
4019,2511.875,0.0078125,-0.125,1.0234375
4020,2512.5,0.0234375,-0.09375,1.0390625
4021,2513.125,0.0,-0.1484375,1.0390625
4022,2513.75,0.0,-0.15625,1.0078125
4023,2514.375,0.0,-0.1484375,1.015625
4024,2515.0,0.0,-0.15625,1.0234375
4025,2515.625,0.0,-0.1953125,1.0
4026,2516.25,0.046875,-0.1640625,1.0703125
4027,2516.875,0.0234375,-0.1640625,1.0234375
4028,2517.5,0.0234375,-0.1796875,1.0703125
4029,2518.125,0.0,-0.15625,1.0625
4030,2518.75,0.015625,-0.1875,1.0703125
4031,2519.375,0.0,-0.1875,1.0625
4032,2520.0,-0.078125,-0.15625,1.0859375
4033,2520.625,-0.03125,-0.140625,1.046875
4034,2521.25,-0.03125,-0.1328125,1.125
4035,2521.875,0.0,-0.1640625,1.015625
4036,2522.5,0.0,-0.1796875,1.078125
4037,2523.125,-0.046875,-0.1875,1.0390625
4038,2523.75,-0.046875,-0.203125,1.078125
4039,2524.375,0.015625,-0.2265625,1.078125
4040,2525.0,0.0,-0.1953125,1.109375
4041,2525.625,-0.015625,-0.2578125,1.2265625
4042,2526.25,-0.0390625,-0.203125,1.21875
4043,2526.875,-0.0234375,-0.2109375,1.1796875
4044,2527.5,0.0,-0.125,1.203125
4045,2528.125,-0.03125,-0.21875,1.0859375
4046,2528.75,-0.03125,-0.1640625,1.1796875
4047,2529.375,0.0,-0.25,1.0
4048,2530.0,-0.0546875,-0.171875,1.171875
4049,2530.625,0.0,-0.25,1.0390625
4050,2531.25,-0.078125,-0.1875,1.2109375
4051,2531.875,-0.0234375,-0.25,1.109375
4052,2532.5,-0.0625,-0.1953125,1.25
4053,2533.125,0.015625,-0.2578125,1.15625
4054,2533.75,-0.0546875,-0.1328125,1.34375
4055,2534.375,-0.078125,-0.203125,1.171875
4056,2535.0,-0.1484375,-0.1328125,1.328125
4057,2535.625,-0.0859375,-0.1875,1.171875
4058,2536.25,-0.078125,-0.171875,1.3046875
4059,2536.875,-0.09375,-0.2265625,1.171875
4060,2537.5,-0.109375,-0.203125,1.25
4061,2538.125,-0.03125,-0.25,1.171875
4062,2538.75,-0.0625,-0.21875,1.25
4063,2539.375,-0.0625,-0.265625,1.171875
4064,2540.0,-0.03125,-0.2421875,1.265625
4065,2540.625,-0.015625,-0.2265625,1.2421875
4066,2541.25,-0.078125,-0.1953125,1.265625
4067,2541.875,-0.078125,-0.1953125,1.2734375
4068,2542.5,-0.0859375,-0.1796875,1.328125
4069,2543.125,-0.109375,-0.203125,1.2578125
4070,2543.75,-0.1328125,-0.203125,1.2890625
4071,2544.375,-0.1171875,-0.203125,1.25
4072,2545.0,-0.25,-0.0859375,1.359375
4073,2545.625,-0.125,-0.2265625,1.1640625
4074,2546.25,-0.203125,-0.0859375,1.4453125
4075,2546.875,-0.1171875,-0.171875,1.1640625
4076,2547.5,-0.09375,-0.0703125,1.4375
4077,2548.125,-0.078125,-0.3125,1.21875
4078,2548.75,-0.0546875,-0.2109375,1.421875
4079,2549.375,-0.1015625,-0.25,1.25
4080,2550.0,-0.1484375,-0.25,1.25
4081,2550.625,-0.203125,-0.1875,1.3359375
4082,2551.25,-0.09375,-0.25,1.21875
4083,2551.875,-0.1328125,-0.2109375,1.2734375
4084,2552.5,-0.1796875,-0.0859375,1.265625
4085,2553.125,-0.140625,0.1875,1.8984375
4086,2553.75,0.015625,0.0078125,1.5234375
4087,2554.375,-0.1640625,0.2890625,2.0859375
4088,2555.0,0.171875,-0.234375,1.3671875
4089,2555.625,-0.03125,0.1796875,2.0
4090,2556.25,0.0546875,-0.296875,1.1171875
4091,2556.875,2.0390625,-0.6875,1.125
4092,2557.5,1.453125,-0.703125,0.8984375
4093,2558.125,0.625,-0.8046875,-0.1015625
4094,2558.75,0.21875,-1.1015625,-0.1796875
4095,2559.375,0.2578125,0.0546875,1.078125
4096,2560.0,-0.203125,-0.4609375,0.4609375
4097,2560.625,0.3125,0.40625,2.140625
4098,2561.25,0.1640625,0.0,1.0234375
4099,2561.875,-0.3125,0.1328125,2.0546875
4100,2562.5,0.234375,-0.15625,0.8984375
4101,2563.125,-0.1484375,0.1171875,1.859375
4102,2563.75,-0.03125,-0.2109375,0.828125
4103,2564.375,-0.234375,-0.28125,1.0
4104,2565.0,-0.09375,-0.3984375,0.84375
4105,2565.625,0.0,-0.6953125,0.5859375
4106,2566.25,-0.0546875,-0.5234375,0.9921875
4107,2566.875,0.03125,-0.6640625,0.6484375
4108,2567.5,-0.15625,-0.0234375,1.78125
4109,2568.125,0.4296875,-0.234375,1.140625
4110,2568.75,-0.515625,0.375,2.015625
4111,2569.375,-0.2734375,-0.3125,1.421875
4112,2570.0,-0.46875,-0.3359375,1.359375
4113,2570.625,-0.3671875,-0.46875,0.75
4114,2571.25,-0.359375,-0.5,0.8125
4115,2571.875,0.140625,-0.375,0.9453125
4116,2572.5,0.328125,-0.3125,1.03125
4117,2573.125,0.046875,-0.3828125,1.15625
4118,2573.75,-0.4609375,-0.1015625,1.8125
4119,2574.375,0.09375,0.1328125,1.8359375
4120,2575.0,-0.234375,-0.109375,1.296875
4121,2575.625,-0.0390625,-0.046875,1.3984375
4122,2576.25,0.03125,-0.3515625,0.9921875
4123,2576.875,-0.125,0.203125,1.5
4124,2577.5,-0.15625,-0.390625,2.5078125
4125,2578.125,-0.34375,-0.1796875,1.34375
4126,2578.75,-0.171875,0.3984375,1.859375
4127,2579.375,-0.1875,-0.8046875,0.1875
4128,2580.0,-0.1328125,-0.4453125,0.984375
4129,2580.625,0.6015625,0.0546875,0.421875
4130,2581.25,-0.3828125,1.0234375,1.9765625
4131,2581.875,-0.0546875,0.265625,1.796875
4132,2582.5,-0.6875,0.3046875,2.1171875
4133,2583.125,-0.25,-0.3515625,1.5
4134,2583.75,-0.515625,0.0078125,1.1953125
4135,2584.375,-0.109375,-0.2578125,1.15625
4136,2585.0,-0.0625,-0.3828125,1.0703125
4137,2585.625,-0.1875,-0.3203125,1.234375
4138,2586.25,0.2734375,-0.3671875,1.5
4139,2586.875,0.0,-0.1484375,1.5859375
4140,2587.5,0.0,0.0546875,1.28125
4141,2588.125,0.0625,-0.1328125,0.765625
4142,2588.75,-0.2578125,-0.1328125,1.15625
4143,2589.375,-0.234375,-0.5,0.4140625
4144,2590.0,-0.2578125,0.078125,1.59375
4145,2590.625,-0.2421875,-0.296875,0.96875
4146,2591.25,-0.015625,0.2734375,1.9453125
4147,2591.875,0.0546875,-0.2109375,1.25
4148,2592.5,-0.046875,0.0546875,1.9140625
4149,2593.125,-0.078125,-0.078125,1.390625
4150,2593.75,0.1015625,-0.2578125,1.203125
4151,2594.375,0.0859375,0.25,1.7109375
4152,2595.0,0.2421875,-0.2265625,0.796875
4153,2595.625,-0.203125,-0.046875,1.265625
4154,2596.25,0.0,-0.390625,0.3046875
4155,2596.875,0.1953125,-0.5078125,0.5546875
4156,2597.5,0.6953125,-0.6171875,0.484375
4157,2598.125,0.6484375,0.078125,1.875
4158,2598.75,0.28125,-0.5,1.6484375
4159,2599.375,0.203125,0.4453125,2.5
4160,2600.0,0.4140625,0.4921875,1.34375
4161,2600.625,-0.4296875,-0.09375,1.953125
4162,2601.25,-0.28125,0.0078125,0.828125
4163,2601.875,-0.796875,-0.515625,0.6953125
4164,2602.5,-0.171875,-0.234375,0.5078125
4165,2603.125,-0.4765625,0.0,1.0
4166,2603.75,-0.0546875,-0.4921875,1.0859375
4167,2604.375,0.3359375,-0.046875,1.4375
4168,2605.0,0.25,-0.140625,1.34375
4169,2605.625,0.25,-0.2109375,1.234375
4170,2606.25,0.4296875,-0.03125,1.3359375
4171,2606.875,-0.015625,-0.078125,1.046875
4172,2607.5,0.1328125,-0.0546875,1.3671875
4173,2608.125,-0.1875,0.03125,1.4375
4174,2608.75,-0.171875,-0.1171875,1.0
4175,2609.375,-0.296875,-0.3515625,0.8125
4176,2610.0,-0.234375,-0.234375,0.90625
4177,2610.625,-0.25,-0.3828125,0.671875
4178,2611.25,-0.2265625,-0.3515625,1.0234375
4179,2611.875,-0.25,-0.5078125,0.90625
4180,2612.5,0.1953125,-0.390625,0.9921875
4181,2613.125,0.171875,-0.1875,1.125
4182,2613.75,0.1796875,-0.1953125,1.1015625
4183,2614.375,0.25,-0.203125,1.015625
4184,2615.0,0.421875,-0.1875,1.1171875
4185,2615.625,0.046875,-0.46875,0.734375
4186,2616.25,0.0,0.1171875,1.046875
4187,2616.875,0.09375,-0.125,0.875
4188,2617.5,0.0546875,-0.171875,1.125
4189,2618.125,0.03125,-0.015625,1.1484375
4190,2618.75,0.015625,-0.1484375,0.984375
4191,2619.375,0.0,0.0390625,1.1953125
4192,2620.0,-0.125,-0.265625,0.8203125
4193,2620.625,-0.0390625,-0.1328125,1.171875
4194,2621.25,0.28125,0.1328125,1.2734375
4195,2621.875,0.0,0.125,1.5625
4196,2622.5,0.1015625,-0.484375,0.96875
4197,2623.125,0.046875,0.2265625,1.6015625
4198,2623.75,0.171875,-0.3125,0.7265625
4199,2624.375,0.078125,-0.0234375,1.4375
4200,2625.0,0.234375,-0.3515625,0.6953125
4201,2625.625,0.078125,0.109375,1.4765625
4202,2626.25,0.1953125,-0.3125,0.6484375
4203,2626.875,0.125,0.125,1.5703125
4204,2627.5,0.15625,-0.265625,0.625
4205,2628.125,-0.046875,0.1015625,1.5
4206,2628.75,0.0625,-0.2578125,0.609375
4207,2629.375,0.0,-0.03125,1.2578125
4208,2630.0,-0.015625,-0.296875,0.75
4209,2630.625,-0.0546875,-0.0390625,1.3125
4210,2631.25,0.0625,-0.2734375,0.6875
4211,2631.875,0.015625,-0.140625,1.21875
4212,2632.5,0.0,-0.2109375,0.8359375
4213,2633.125,0.0546875,-0.1015625,1.1484375
4214,2633.75,0.0859375,-0.1875,0.9375
4215,2634.375,0.046875,-0.0703125,1.1484375
4216,2635.0,0.0234375,-0.1328125,0.9921875
4217,2635.625,0.1015625,-0.1015625,1.0859375
4218,2636.25,0.0703125,-0.1328125,1.03125
4219,2636.875,0.046875,-0.1484375,1.0234375
4220,2637.5,0.0546875,-0.140625,1.0078125
4221,2638.125,0.0625,-0.1796875,0.96875
4222,2638.75,0.0,-0.1171875,1.0546875
4223,2639.375,0.0,-0.2265625,0.984375
4224,2640.0,-0.0390625,-0.140625,1.0390625
4225,2640.625,-0.03125,-0.1796875,0.921875
4226,2641.25,-0.03125,-0.109375,1.078125
4227,2641.875,0.0,-0.140625,0.9609375
4228,2642.5,0.015625,-0.0625,1.1484375
4229,2643.125,0.046875,-0.125,0.9921875
4230,2643.75,0.0,0.03125,1.1953125
4231,2644.375,0.0,-0.2890625,0.8203125
4232,2645.0,0.109375,0.015625,1.3671875
4233,2645.625,0.0,-0.2265625,0.84375
4234,2646.25,0.0,0.0,1.3203125
4235,2646.875,0.0625,-0.21875,0.8046875
4236,2647.5,0.0703125,-0.0703125,1.234375
4237,2648.125,0.0546875,-0.1796875,0.8359375
4238,2648.75,0.09375,-0.125,1.203125
4239,2649.375,0.09375,-0.1796875,0.921875
4240,2650.0,0.03125,-0.0546875,1.15625
4241,2650.625,0.03125,-0.1328125,0.9765625
4242,2651.25,0.078125,-0.0546875,1.140625
4243,2651.875,0.0625,-0.1328125,0.984375
4244,2652.5,0.0234375,-0.1328125,1.09375
4245,2653.125,0.015625,-0.1796875,0.96875
4246,2653.75,0.125,-0.15625,1.0390625
4247,2654.375,0.0,-0.09375,1.0234375
4248,2655.0,0.0,-0.1484375,1.0078125
4249,2655.625,0.015625,-0.0859375,1.0546875
4250,2656.25,0.0390625,-0.1953125,1.0234375
4251,2656.875,0.015625,0.0,1.21875
4252,2657.5,0.03125,-0.125,1.0390625
4253,2658.125,0.1953125,-0.0703125,1.15625
4254,2658.75,0.0078125,-0.1171875,0.9453125
4255,2659.375,0.140625,-0.0390625,1.015625
4256,2660.0,0.0859375,-0.1953125,0.9765625
4257,2660.625,0.109375,-0.125,1.0625
4258,2661.25,0.1484375,-0.1171875,1.125
4259,2661.875,0.0625,-0.09375,1.0703125
4260,2662.5,0.1484375,-0.2421875,0.9609375
4261,2663.125,0.0859375,0.0,1.234375
4262,2663.75,-0.140625,-0.1015625,0.9921875
4263,2664.375,-0.25,0.0546875,1.40625
4264,2665.0,-0.1015625,0.0,1.0
4265,2665.625,-0.234375,0.03125,1.28125
4266,2666.25,-0.109375,-0.15625,0.890625
4267,2666.875,0.015625,-0.046875,1.1328125
4268,2667.5,0.078125,-0.28125,0.7421875
4269,2668.125,0.0,-0.1015625,1.125
4270,2668.75,0.09375,-0.21875,0.8125
4271,2669.375,0.1640625,-0.0703125,1.109375
4272,2670.0,0.125,-0.1640625,0.8984375
4273,2670.625,0.0703125,-0.0546875,1.1328125
4274,2671.25,0.140625,-0.1015625,1.03125
4275,2671.875,0.0859375,-0.0234375,1.1640625
4276,2672.5,0.0,-0.078125,1.0546875
4277,2673.125,0.046875,-0.0390625,1.1171875
4278,2673.75,0.0390625,-0.0703125,1.015625
4279,2674.375,-0.0625,-0.125,1.0078125
4280,2675.0,-0.046875,-0.1015625,1.0390625
4281,2675.625,0.015625,-0.125,1.0
4282,2676.25,-0.0390625,-0.09375,1.015625
4283,2676.875,-0.078125,-0.09375,1.0078125
4284,2677.5,-0.0546875,-0.25,1.0390625
4285,2678.125,0.0546875,-0.1171875,0.921875
4286,2678.75,0.15625,-0.0703125,1.1484375
4287,2679.375,0.1875,-0.234375,0.9609375
4288,2680.0,0.1875,-0.15625,1.09375
4289,2680.625,0.046875,-0.1484375,1.015625
4290,2681.25,0.078125,-0.0546875,1.015625
4291,2681.875,0.0234375,-0.0625,0.96875
4292,2682.5,-0.0234375,-0.0390625,1.0234375
4293,2683.125,-0.0390625,-0.1015625,0.9296875
4294,2683.75,-0.0546875,-0.078125,1.0078125
4295,2684.375,-0.0625,-0.109375,0.9609375
4296,2685.0,-0.0390625,-0.125,0.984375
4297,2685.625,0.0,-0.1171875,0.984375
4298,2686.25,0.046875,-0.140625,0.96875
4299,2686.875,0.0625,-0.1015625,1.0
4300,2687.5,0.078125,-0.140625,1.0
4301,2688.125,0.09375,-0.125,1.0
4302,2688.75,0.078125,-0.1484375,0.921875
4303,2689.375,0.03125,-0.0859375,0.984375
4304,2690.0,0.0625,-0.1328125,0.875
4305,2690.625,0.0,-0.0859375,1.0
4306,2691.25,0.0078125,-0.140625,0.8984375
4307,2691.875,0.0,-0.0859375,1.0078125
4308,2692.5,-0.015625,-0.1484375,0.890625
4309,2693.125,-0.046875,-0.0859375,1.0234375
4310,2693.75,0.0,-0.125,0.890625
4311,2694.375,0.0,-0.1015625,0.9921875
4312,2695.0,0.0,-0.140625,0.890625
4313,2695.625,0.0,-0.09375,1.0
4314,2696.25,0.0390625,-0.125,0.921875
4315,2696.875,0.0234375,-0.0859375,1.0
4316,2697.5,0.0546875,-0.125,0.859375
4317,2698.125,0.0390625,-0.0859375,1.0
4318,2698.75,0.046875,-0.1328125,0.84375
4319,2699.375,0.0234375,-0.0703125,1.0390625
4320,2700.0,0.0390625,-0.1640625,0.828125
4321,2700.625,0.015625,-0.1015625,1.015625
4322,2701.25,-0.03125,-0.1328125,0.859375
4323,2701.875,-0.0703125,-0.0546875,1.0234375
4324,2702.5,0.0,-0.109375,0.890625
4325,2703.125,-0.03125,-0.0390625,1.015625
4326,2703.75,0.0,-0.1484375,0.8828125
4327,2704.375,0.015625,-0.1015625,1.015625
4328,2705.0,0.0625,-0.1640625,0.8828125
4329,2705.625,0.0390625,-0.125,0.9765625
4330,2706.25,0.046875,-0.1171875,0.8828125
4331,2706.875,0.03125,-0.078125,0.9921875
4332,2707.5,0.03125,-0.140625,0.9453125
4333,2708.125,0.0,-0.1015625,1.0078125
4334,2708.75,0.0,-0.1640625,0.875
4335,2709.375,0.0078125,-0.109375,0.90625
4336,2710.0,0.0,-0.140625,0.7421875
4337,2710.625,0.03125,-0.1171875,0.890625
4338,2711.25,-0.015625,-0.125,0.875
4339,2711.875,-0.0390625,-0.109375,0.9609375
4340,2712.5,0.0,-0.1015625,0.9375
4341,2713.125,0.0,-0.09375,0.953125
4342,2713.75,0.0,-0.125,0.9453125
4343,2714.375,0.0,-0.125,0.9375
4344,2715.0,0.0234375,-0.1171875,0.9296875
4345,2715.625,0.015625,-0.1015625,0.9375
4346,2716.25,0.0,-0.1015625,0.9296875
4347,2716.875,0.0,-0.1328125,0.9140625
4348,2717.5,0.015625,-0.1015625,1.0
4349,2718.125,0.0,-0.15625,0.8671875
4350,2718.75,0.0,-0.078125,0.953125
4351,2719.375,0.0546875,-0.140625,0.8671875
4352,2720.0,0.0703125,-0.1171875,0.9140625
4353,2720.625,0.0,-0.15625,0.9296875
4354,2721.25,-0.015625,-0.0625,0.953125
4355,2721.875,0.0,-0.0703125,0.90625
4356,2722.5,-0.03125,-0.03125,1.0
4357,2723.125,0.015625,-0.1328125,0.890625
4358,2723.75,0.015625,-0.109375,1.015625
4359,2724.375,0.0078125,-0.140625,0.875
4360,2725.0,-0.0234375,-0.0625,1.0
4361,2725.625,0.0078125,-0.1328125,0.9375
4362,2726.25,0.0,-0.09375,1.015625
4363,2726.875,-0.0234375,-0.140625,0.953125
4364,2727.5,0.0,-0.0859375,1.015625
4365,2728.125,0.03125,-0.125,0.8671875
4366,2728.75,0.0,-0.0859375,0.984375
4367,2729.375,0.0390625,-0.125,0.78125
4368,2730.0,0.0390625,-0.078125,0.9921875
4369,2730.625,0.0546875,-0.140625,0.8828125
4370,2731.25,0.015625,-0.09375,1.0
4371,2731.875,0.0625,-0.1484375,0.875
4372,2732.5,0.0234375,-0.0859375,0.96875
4373,2733.125,0.03125,-0.125,0.890625
4374,2733.75,0.0,-0.0859375,0.9609375
4375,2734.375,0.0,-0.140625,0.890625
4376,2735.0,-0.0234375,-0.09375,0.9765625
4377,2735.625,-0.015625,-0.1328125,0.890625
4378,2736.25,-0.015625,-0.1015625,0.984375
4379,2736.875,-0.015625,-0.140625,0.8828125
4380,2737.5,0.0234375,-0.15625,0.8984375
4381,2738.125,0.09375,-0.125,0.9453125
4382,2738.75,0.0390625,-0.125,0.9296875
4383,2739.375,0.0,-0.09375,1.0
4384,2740.0,0.0234375,-0.109375,0.8515625
4385,2740.625,0.0234375,-0.0546875,0.984375
4386,2741.25,0.0078125,-0.109375,0.859375
4387,2741.875,0.0,-0.0703125,0.984375
4388,2742.5,0.0390625,-0.1796875,0.8515625
4389,2743.125,0.0,-0.1484375,1.0
4390,2743.75,-0.0390625,-0.15625,0.859375
4391,2744.375,-0.015625,-0.09375,1.0234375
4392,2745.0,-0.03125,-0.15625,0.9453125
4393,2745.625,-0.046875,-0.078125,1.0625
4394,2746.25,0.0,-0.125,0.921875
4395,2746.875,0.0078125,-0.109375,0.953125
4396,2747.5,0.015625,-0.125,0.859375
4397,2748.125,0.0,-0.1015625,0.953125
4398,2748.75,0.0546875,-0.1328125,0.8984375
4399,2749.375,0.0390625,-0.109375,0.9453125
4400,2750.0,0.0078125,-0.1171875,0.921875
4401,2750.625,0.0234375,-0.140625,0.9140625
4402,2751.25,0.0390625,-0.1328125,0.9296875
4403,2751.875,0.0,-0.125,0.9296875
4404,2752.5,0.0,-0.1171875,0.9609375
4405,2753.125,0.0078125,-0.125,0.9296875
4406,2753.75,0.0,-0.109375,0.9765625
4407,2754.375,0.0,-0.1171875,0.8984375
4408,2755.0,-0.03125,-0.1171875,0.96875
4409,2755.625,-0.0234375,-0.1015625,0.9609375
4410,2756.25,0.0,-0.1171875,0.9609375
4411,2756.875,0.0390625,-0.1171875,0.921875
4412,2757.5,0.078125,-0.125,0.984375
4413,2758.125,0.0,-0.1484375,0.9375
4414,2758.75,-0.0546875,-0.0859375,0.9453125
4415,2759.375,-0.015625,-0.078125,0.9296875
4416,2760.0,-0.046875,-0.0859375,0.9375
4417,2760.625,-0.015625,-0.09375,0.96875
4418,2761.25,0.0078125,-0.1640625,0.9609375
4419,2761.875,0.0,-0.1484375,0.9609375
4420,2762.5,-0.03125,-0.1640625,0.9453125
4421,2763.125,-0.03125,-0.09375,1.0
4422,2763.75,-0.03125,-0.125,1.015625
4423,2764.375,0.0,-0.125,1.0234375
4424,2765.0,0.0,-0.1328125,0.9609375
4425,2765.625,0.0,-0.1015625,0.8984375
4426,2766.25,0.0,-0.140625,0.8828125
4427,2766.875,0.015625,-0.1171875,0.875
4428,2767.5,0.0,-0.140625,0.9375
4429,2768.125,0.0078125,-0.125,0.9765625
4430,2768.75,0.015625,-0.109375,0.96875
4431,2769.375,0.0078125,-0.109375,1.0
4432,2770.0,0.0,-0.1015625,0.96875
4433,2770.625,0.0,-0.1015625,0.953125
4434,2771.25,-0.0234375,-0.0859375,1.0
4435,2771.875,-0.015625,-0.1171875,0.9453125
4436,2772.5,-0.03125,-0.09375,1.0234375
4437,2773.125,-0.0234375,-0.1328125,0.9296875
4438,2773.75,-0.046875,-0.1015625,1.0
4439,2774.375,-0.0390625,-0.109375,0.9296875
4440,2775.0,-0.0234375,-0.140625,0.9453125
4441,2775.625,0.03125,-0.140625,0.9375
4442,2776.25,0.03125,-0.125,0.9140625
4443,2776.875,0.0,-0.125,0.9765625
4444,2777.5,0.0,-0.109375,0.9453125
4445,2778.125,-0.0546875,-0.0703125,0.9765625
4446,2778.75,-0.046875,-0.046875,0.953125
4447,2779.375,0.046875,-0.140625,0.9140625
4448,2780.0,0.0078125,-0.1640625,0.953125
4449,2780.625,0.0,-0.171875,0.9921875
4450,2781.25,-0.0234375,-0.140625,0.96875
4451,2781.875,-0.0234375,-0.09375,1.03125
4452,2782.5,0.0,-0.125,1.0390625
4453,2783.125,-0.0703125,-0.1015625,1.0625
4454,2783.75,-0.0546875,-0.125,0.96875
4455,2784.375,-0.0546875,-0.125,0.9375
4456,2785.0,0.0,-0.125,0.8984375
4457,2785.625,0.0,-0.078125,0.890625
4458,2786.25,0.0234375,-0.125,0.921875
4459,2786.875,0.0234375,-0.1015625,1.0
4460,2787.5,0.0,-0.1171875,0.96875
4461,2788.125,0.0,-0.09375,1.0
4462,2788.75,0.015625,-0.109375,0.9921875
4463,2789.375,-0.078125,-0.0859375,1.0234375
4464,2790.0,0.03125,-0.125,0.9140625
4465,2790.625,-0.125,-0.078125,0.9296875
4466,2791.25,0.0546875,-0.203125,0.875
4467,2791.875,-0.0546875,-0.1484375,1.0
4468,2792.5,0.0,-0.1875,0.9453125
4469,2793.125,-0.03125,-0.0859375,1.0546875
4470,2793.75,0.0234375,-0.1015625,1.0
4471,2794.375,0.0078125,-0.09375,1.0546875
4472,2795.0,0.0390625,-0.1328125,0.9765625
4473,2795.625,0.0234375,-0.0859375,1.015625
4474,2796.25,0.0625,-0.1484375,0.9375
4475,2796.875,0.0,-0.1328125,1.0
4476,2797.5,0.0,-0.109375,0.953125
4477,2798.125,0.0234375,-0.0703125,1.0390625
4478,2798.75,0.015625,-0.0703125,1.0390625
4479,2799.375,0.0234375,-0.0390625,1.0
4480,2800.0,-0.0234375,-0.1171875,1.0234375
4481,2800.625,0.046875,-0.1875,0.9609375
4482,2801.25,-0.015625,-0.078125,1.0234375
4483,2801.875,0.0234375,-0.1875,0.8984375
4484,2802.5,-0.03125,-0.125,1.078125
4485,2803.125,0.0,-0.1484375,0.9921875
4486,2803.75,-0.0078125,-0.109375,1.125
4487,2804.375,0.0234375,-0.1484375,1.03125
4488,2805.0,0.0,-0.09375,1.0625
4489,2805.625,0.03125,-0.15625,0.96875
4490,2806.25,0.03125,-0.1015625,1.0546875
4491,2806.875,0.0234375,-0.15625,0.9609375
4492,2807.5,0.1484375,-0.0390625,1.1015625
4493,2808.125,0.0859375,-0.25,0.8671875
4494,2808.75,0.078125,-0.078125,1.203125
4495,2809.375,0.03125,-0.109375,0.8203125
4496,2810.0,0.0625,-0.1015625,1.1640625
4497,2810.625,0.0,-0.203125,0.8359375
4498,2811.25,-0.03125,-0.109375,1.125
4499,2811.875,-0.03125,-0.125,0.859375
4500,2812.5,-0.046875,-0.03125,1.09375
4501,2813.125,-0.1171875,-0.140625,0.8828125
4502,2813.75,-0.0625,-0.140625,1.0234375
4503,2814.375,-0.0703125,-0.203125,0.90625
4504,2815.0,-0.0625,-0.1015625,1.0234375
4505,2815.625,0.0,-0.109375,0.984375
4506,2816.25,0.03125,-0.125,1.0078125
4507,2816.875,0.0078125,-0.0859375,1.03125
4508,2817.5,0.046875,-0.125,0.96875
4509,2818.125,0.0546875,-0.1015625,1.015625
4510,2818.75,0.0703125,-0.1640625,0.953125
4511,2819.375,-0.0234375,-0.109375,1.015625
4512,2820.0,0.015625,-0.15625,0.9375
4513,2820.625,0.0,-0.1328125,1.0390625
4514,2821.25,-0.015625,-0.1484375,0.9375
4515,2821.875,-0.0546875,-0.09375,1.0546875
4516,2822.5,-0.0234375,-0.1171875,0.9375
4517,2823.125,-0.0390625,-0.0703125,1.0234375
4518,2823.75,0.015625,-0.078125,1.015625
4519,2824.375,0.0,-0.078125,1.0234375
4520,2825.0,0.0,-0.0546875,1.03125
4521,2825.625,-0.03125,-0.1328125,0.8984375
4522,2826.25,0.0,-0.0859375,1.0703125
4523,2826.875,0.0,-0.140625,0.921875
4524,2827.5,0.0,-0.0703125,1.0546875
4525,2828.125,0.0234375,-0.1328125,0.9140625
4526,2828.75,0.03125,-0.1015625,1.0703125
4527,2829.375,0.015625,-0.15625,0.8984375
4528,2830.0,-0.015625,-0.09375,1.0703125
4529,2830.625,0.0078125,-0.140625,0.9453125
4530,2831.25,0.0,0.0,1.1328125
4531,2831.875,-0.0390625,-0.1875,0.9921875
4532,2832.5,-0.015625,-0.1875,1.0078125
4533,2833.125,0.0,-0.1015625,0.96875
4534,2833.75,-0.046875,-0.140625,1.0546875
4535,2834.375,0.0078125,-0.0546875,0.9375
4536,2835.0,-0.0234375,-0.0703125,1.0
4537,2835.625,0.046875,-0.25,0.890625
4538,2836.25,-0.046875,-0.125,1.078125
4539,2836.875,0.1015625,-0.09375,0.9453125
4540,2837.5,-0.0234375,0.0,1.265625
4541,2838.125,0.015625,-0.2421875,0.8515625
4542,2838.75,-0.0390625,0.0,1.25
4543,2839.375,0.0390625,-0.21875,0.796875
4544,2840.0,-0.1015625,-0.0546875,1.203125
4545,2840.625,0.0,-0.25,0.7578125
4546,2841.25,-0.0625,-0.0859375,1.140625
4547,2841.875,0.0,-0.203125,0.8046875
4548,2842.5,-0.0625,-0.078125,1.125
4549,2843.125,0.015625,-0.203125,0.8125
4550,2843.75,-0.0390625,-0.0625,1.1484375
4551,2844.375,-0.0234375,-0.15625,0.890625
4552,2845.0,0.0,-0.0703125,1.1171875
4553,2845.625,0.0,-0.109375,0.9140625
4554,2846.25,0.0234375,-0.0703125,1.109375
4555,2846.875,-0.0234375,-0.1484375,1.1015625
4556,2847.5,0.0546875,-0.1953125,0.859375
4557,2848.125,-0.015625,0.0,1.1796875
4558,2848.75,-0.1015625,-0.2265625,0.921875
4559,2849.375,-0.046875,-0.03125,0.984375
4560,2850.0,-0.125,-0.0703125,0.953125
4561,2850.625,-0.0703125,-0.1171875,0.9921875
4562,2851.25,-0.0390625,-0.171875,0.9296875
4563,2851.875,-0.03125,-0.09375,1.1015625
4564,2852.5,0.015625,-0.046875,1.140625
4565,2853.125,0.0390625,-0.1171875,1.0625
4566,2853.75,0.0,-0.125,1.0859375
4567,2854.375,-0.015625,-0.140625,1.0
4568,2855.0,0.015625,-0.1015625,1.046875
4569,2855.625,-0.0234375,-0.1328125,1.0
4570,2856.25,-0.09375,-0.1171875,1.0390625
4571,2856.875,0.0078125,-0.109375,0.90625
4572,2857.5,-0.015625,-0.1171875,1.1875
4573,2858.125,-0.03125,-0.15625,0.9453125
4574,2858.75,-0.0703125,-0.046875,1.125
4575,2859.375,0.03125,-0.203125,0.890625
4576,2860.0,0.0,-0.09375,1.140625
4577,2860.625,0.0,-0.15625,0.8671875
4578,2861.25,0.0,-0.1171875,1.0390625
4579,2861.875,0.0625,-0.1796875,0.9296875
4580,2862.5,0.0,-0.125,1.0078125
4581,2863.125,0.0,-0.1328125,0.9921875
4582,2863.75,0.0234375,-0.1015625,1.03125
4583,2864.375,0.0,-0.1015625,1.0078125
4584,2865.0,-0.0390625,-0.125,1.03125
4585,2865.625,0.0,-0.09375,1.03125
4586,2866.25,0.0,-0.1328125,0.96875
4587,2866.875,-0.0390625,-0.1015625,1.0546875
4588,2867.5,-0.03125,-0.078125,1.0390625
4589,2868.125,-0.0390625,-0.203125,1.0
4590,2868.75,-0.03125,-0.03125,1.1875
4591,2869.375,0.015625,-0.140625,0.8984375
4592,2870.0,0.0,-0.0546875,1.109375
4593,2870.625,0.0078125,-0.1953125,0.890625
4594,2871.25,-0.03125,-0.0625,1.140625
4595,2871.875,0.0234375,-0.1171875,0.9375
4596,2872.5,-0.0390625,-0.09375,1.0
4597,2873.125,-0.1328125,-0.1171875,1.0078125
4598,2873.75,0.0,-0.125,0.9375
4599,2874.375,-0.046875,-0.046875,1.1484375
4600,2875.0,-0.0390625,-0.140625,0.9296875
4601,2875.625,-0.078125,-0.1328125,1.0859375
4602,2876.25,0.0078125,-0.09375,0.9453125
4603,2876.875,-0.0234375,-0.1328125,0.96875
4604,2877.5,0.0,-0.1328125,0.96875
4605,2878.125,0.0,-0.1015625,0.9609375
4606,2878.75,-0.015625,-0.125,0.9609375
4607,2879.375,0.015625,-0.1171875,0.96875
4608,2880.0,0.015625,-0.125,0.9765625
4609,2880.625,0.015625,-0.15625,0.984375
4610,2881.25,0.0078125,-0.1171875,1.0
4611,2881.875,0.0234375,-0.125,1.0
4612,2882.5,0.03125,-0.1484375,0.9921875
4613,2883.125,0.015625,-0.140625,0.9765625
4614,2883.75,0.0078125,-0.109375,1.0
4615,2884.375,0.0078125,-0.1328125,0.96875
4616,2885.0,0.015625,-0.125,0.984375
4617,2885.625,0.0,-0.140625,0.96875
4618,2886.25,0.0078125,-0.1171875,1.015625
4619,2886.875,0.0,-0.1328125,0.9609375
4620,2887.5,-0.0234375,-0.1171875,0.9765625
4621,2888.125,0.0,-0.125,0.96875
4622,2888.75,0.015625,-0.1328125,0.9921875
4623,2889.375,0.0,-0.15625,0.9375
4624,2890.0,0.0,-0.125,1.0
4625,2890.625,0.0,-0.0625,1.0625
4626,2891.25,-0.1015625,-0.2734375,0.8046875
4627,2891.875,0.0390625,0.0390625,1.1640625
4628,2892.5,0.0859375,-0.21875,0.75
4629,2893.125,-0.03125,-0.078125,1.25
4630,2893.75,0.1953125,-0.1640625,0.703125
4631,2894.375,0.0,0.015625,1.375
4632,2895.0,0.0078125,-0.2265625,0.8359375
4633,2895.625,-0.125,-0.0703125,1.1640625
4634,2896.25,0.03125,-0.2578125,0.828125
4635,2896.875,-0.15625,-0.0390625,1.1328125
4636,2897.5,-0.03125,-0.2578125,0.7578125
4637,2898.125,-0.03125,-0.0859375,1.1484375
4638,2898.75,0.0390625,-0.2265625,0.7890625
4639,2899.375,-0.0859375,-0.03125,1.1796875
4640,2900.0,0.015625,-0.1640625,0.8828125
4641,2900.625,0.0,-0.046875,1.140625
4642,2901.25,-0.0390625,-0.125,0.9609375
4643,2901.875,-0.03125,-0.0859375,1.0859375
4644,2902.5,0.0,-0.140625,0.8984375
4645,2903.125,0.0,-0.109375,1.0546875
4646,2903.75,0.0,-0.1640625,0.9453125
4647,2904.375,0.0625,-0.1484375,1.0234375
4648,2905.0,0.0625,-0.15625,0.96875
4649,2905.625,0.015625,-0.1484375,1.0
4650,2906.25,0.0234375,-0.1484375,0.921875
4651,2906.875,0.03125,-0.125,1.0
4652,2907.5,0.0,-0.171875,0.953125
4653,2908.125,0.0,-0.1015625,1.03125
4654,2908.75,-0.0390625,-0.140625,0.953125
4655,2909.375,-0.0625,0.0546875,1.2109375
4656,2910.0,-0.078125,-0.3203125,0.84375
4657,2910.625,-0.0234375,0.1015625,1.3359375
4658,2911.25,-0.03125,-0.203125,0.75
4659,2911.875,-0.0625,0.0,1.2421875
4660,2912.5,0.0390625,-0.25,0.71875
4661,2913.125,-0.0390625,-0.0390625,1.203125
4662,2913.75,0.0390625,-0.2421875,0.765625
4663,2914.375,-0.015625,-0.0234375,1.25
4664,2915.0,0.0625,-0.1953125,0.8046875
4665,2915.625,0.0234375,-0.015625,1.25
4666,2916.25,0.0390625,-0.140625,0.8671875
4667,2916.875,0.046875,-0.0390625,1.2109375
4668,2917.5,0.0,-0.203125,0.8359375
4669,2918.125,-0.0703125,-0.1171875,1.109375
4670,2918.75,-0.0625,-0.1328125,0.8984375
4671,2919.375,0.0078125,-0.09375,1.03125
4672,2920.0,0.0,-0.109375,0.921875
4673,2920.625,-0.0625,-0.1015625,1.078125
4674,2921.25,0.0078125,-0.1640625,0.9765625
4675,2921.875,-0.046875,-0.109375,1.1015625
4676,2922.5,0.0,-0.125,1.0234375
4677,2923.125,0.03125,-0.0703125,1.0625
4678,2923.75,0.0234375,-0.1328125,0.9921875
4679,2924.375,0.0,-0.109375,1.0703125
4680,2925.0,0.0546875,-0.1875,1.0
4681,2925.625,0.03125,-0.09375,1.0078125
4682,2926.25,-0.0234375,-0.0859375,1.0
4683,2926.875,0.0546875,-0.140625,0.921875
4684,2927.5,-0.1875,-0.0625,1.109375
4685,2928.125,0.0546875,-0.125,0.9921875
4686,2928.75,0.0,0.0,1.1796875
4687,2929.375,0.0078125,-0.109375,0.96875
4688,2930.0,-0.046875,-0.078125,1.15625
4689,2930.625,0.03125,-0.171875,0.9921875
4690,2931.25,0.0,-0.109375,1.0859375
4691,2931.875,0.0390625,-0.1640625,0.96875
4692,2932.5,0.0078125,-0.109375,1.0546875
4693,2933.125,0.046875,-0.109375,0.984375
4694,2933.75,0.0234375,-0.1015625,1.0078125
4695,2934.375,0.0,-0.0546875,1.0546875
4696,2935.0,0.015625,-0.109375,1.0
4697,2935.625,0.0234375,-0.125,1.0546875
4698,2936.25,0.0,-0.140625,0.9921875
4699,2936.875,0.046875,-0.1484375,1.0390625
4700,2937.5,0.203125,-0.1875,0.8828125
4701,2938.125,-0.1171875,-0.0625,1.0
4702,2938.75,-0.046875,-0.25,0.8828125
4703,2939.375,0.0234375,-0.078125,1.0625
4704,2940.0,0.046875,-0.1953125,0.9375
4705,2940.625,0.0,-0.0390625,1.1640625
4706,2941.25,0.1015625,-0.1484375,1.0
4707,2941.875,-0.0703125,-0.0234375,1.1953125
4708,2942.5,0.0,-0.15625,1.0234375
4709,2943.125,-0.0234375,-0.0859375,1.078125
4710,2943.75,0.03125,-0.171875,0.9375
4711,2944.375,0.0078125,-0.125,1.0
4712,2945.0,0.046875,-0.1328125,0.9453125
4713,2945.625,0.046875,-0.109375,1.0546875
4714,2946.25,0.03125,-0.171875,0.96875
4715,2946.875,0.0,-0.1171875,1.015625
4716,2947.5,0.0,-0.1015625,1.0390625
4717,2948.125,-0.15625,-0.078125,1.0
4718,2948.75,0.1484375,-0.09375,1.125
4719,2949.375,0.0,-0.078125,0.9921875
4720,2950.0,-0.0390625,-0.1171875,1.0859375
4721,2950.625,-0.0390625,-0.15625,0.953125
4722,2951.25,0.109375,-0.1171875,1.03125
4723,2951.875,0.0,-0.15625,0.9609375
4724,2952.5,0.0546875,-0.1171875,1.046875
4725,2953.125,0.140625,-0.15625,1.0
4726,2953.75,0.1015625,-0.09375,1.0703125
4727,2954.375,0.0625,-0.1171875,1.0
4728,2955.0,0.109375,-0.1015625,1.0703125
4729,2955.625,0.0390625,-0.1015625,1.0546875
4730,2956.25,-0.03125,-0.0859375,1.0234375
4731,2956.875,-0.03125,-0.1328125,1.0
4732,2957.5,0.0,-0.1171875,1.03125
4733,2958.125,-0.0703125,-0.125,0.984375
4734,2958.75,-0.0859375,-0.1171875,1.0234375
4735,2959.375,0.0,-0.1328125,1.0
4736,2960.0,0.109375,-0.1171875,1.0546875
4737,2960.625,0.0,-0.140625,0.984375
4738,2961.25,0.03125,-0.140625,1.0
4739,2961.875,0.1171875,-0.1328125,0.9453125
4740,2962.5,0.0859375,-0.1171875,1.0234375
4741,2963.125,0.0234375,-0.125,0.9921875
4742,2963.75,0.0859375,-0.1015625,1.0
4743,2964.375,0.0390625,-0.1015625,1.0
4744,2965.0,0.0,-0.1015625,1.0078125
4745,2965.625,-0.0390625,-0.1171875,1.0
4746,2966.25,0.0,-0.09375,1.0
4747,2966.875,-0.0625,-0.1171875,0.9765625
4748,2967.5,-0.03125,-0.140625,0.984375
4749,2968.125,0.0,-0.1171875,1.0078125
4750,2968.75,0.03125,-0.1328125,0.984375
4751,2969.375,0.0,-0.1328125,0.96875
4752,2970.0,0.0703125,-0.140625,1.0
4753,2970.625,0.09375,-0.140625,0.9921875
4754,2971.25,0.0625,-0.1015625,1.0390625
4755,2971.875,0.0546875,-0.1484375,0.9296875
4756,2972.5,0.0625,-0.109375,1.0234375
4757,2973.125,0.03125,-0.1171875,0.9296875
4758,2973.75,0.046875,-0.109375,1.015625
4759,2974.375,0.0,-0.1015625,1.046875
4760,2975.0,0.0,-0.125,1.0234375
4761,2975.625,0.0,-0.109375,1.0
4762,2976.25,-0.0234375,-0.140625,0.984375
4763,2976.875,-0.0234375,-0.140625,0.9921875
4764,2977.5,0.0,-0.1640625,0.96875
4765,2978.125,-0.03125,-0.1171875,0.9765625
4766,2978.75,0.0,-0.1328125,0.984375
4767,2979.375,0.0,-0.0859375,1.0234375
4768,2980.0,0.046875,-0.1328125,0.984375
4769,2980.625,0.015625,-0.09375,1.0234375
4770,2981.25,0.0546875,-0.1328125,0.921875
4771,2981.875,0.0546875,-0.1171875,1.0234375
4772,2982.5,0.0234375,-0.15625,0.921875
4773,2983.125,0.0234375,-0.1484375,1.0
4774,2983.75,0.03125,-0.1484375,0.9609375
4775,2984.375,0.0234375,-0.1328125,0.984375
4776,2985.0,0.0,-0.1015625,0.984375
4777,2985.625,0.015625,-0.125,0.9921875
4778,2986.25,0.015625,-0.1015625,0.9921875
4779,2986.875,0.03125,-0.109375,0.96875
4780,2987.5,0.0,-0.09375,1.0
4781,2988.125,0.03125,-0.125,0.9453125
4782,2988.75,0.015625,-0.1171875,0.9921875
4783,2989.375,0.046875,-0.125,0.9375
4784,2990.0,0.0390625,-0.1484375,0.96875
4785,2990.625,0.0390625,-0.1484375,0.9296875
4786,2991.25,0.015625,-0.1328125,0.9921875
4787,2991.875,0.0234375,-0.140625,0.953125
4788,2992.5,0.0,-0.109375,0.9921875
4789,2993.125,0.03125,-0.140625,0.9609375
4790,2993.75,0.015625,-0.1015625,0.984375
4791,2994.375,0.0,-0.125,0.953125
4792,2995.0,0.0,-0.109375,0.96875
4793,2995.625,0.0234375,-0.1328125,0.9609375
4794,2996.25,0.0,-0.1171875,0.9609375
4795,2996.875,0.015625,-0.1328125,0.9609375
4796,2997.5,0.0078125,-0.1171875,0.96875
4797,2998.125,0.0546875,-0.140625,0.9765625
4798,2998.75,0.0234375,-0.1171875,0.9453125
4799,2999.375,0.015625,-0.1015625,0.96875
4800,3000.0,0.03125,-0.1328125,0.9453125
4801,3000.625,0.03125,-0.1328125,0.953125
4802,3001.25,0.0078125,-0.125,0.96875
4803,3001.875,0.0078125,-0.109375,0.984375
4804,3002.5,0.0078125,-0.1328125,0.9609375
4805,3003.125,0.0,-0.1171875,0.9765625
4806,3003.75,0.0,-0.1015625,0.9921875
4807,3004.375,0.0,-0.1015625,0.96875
4808,3005.0,0.015625,-0.1328125,0.96875
4809,3005.625,0.0234375,-0.0859375,1.0
4810,3006.25,0.0546875,-0.1640625,0.890625
4811,3006.875,0.0234375,-0.0625,1.078125
4812,3007.5,0.0625,-0.1796875,0.875
4813,3008.125,0.0,-0.0546875,1.09375
4814,3008.75,0.0546875,-0.15625,0.90625
4815,3009.375,0.0078125,-0.0546875,1.1015625
4816,3010.0,0.0234375,-0.140625,0.9140625
4817,3010.625,0.0,-0.09375,1.0390625
4818,3011.25,0.0234375,-0.1640625,0.9375
4819,3011.875,0.0,-0.1015625,1.0078125
4820,3012.5,0.0,-0.140625,0.9296875
4821,3013.125,0.0,-0.109375,1.046875
4822,3013.75,0.015625,-0.1328125,0.9609375
4823,3014.375,0.0,-0.1171875,1.0
4824,3015.0,0.0,-0.1171875,0.96875
4825,3015.625,0.0,-0.1171875,1.0
4826,3016.25,0.0,-0.1015625,1.0
4827,3016.875,0.03125,-0.1171875,0.9765625
4828,3017.5,0.015625,-0.109375,0.9921875
4829,3018.125,0.03125,-0.140625,0.96875
4830,3018.75,0.0078125,-0.109375,0.984375
4831,3019.375,0.0390625,-0.140625,0.9609375
4832,3020.0,0.03125,-0.1015625,0.9921875
4833,3020.625,0.0078125,-0.125,0.9609375
4834,3021.25,0.0078125,-0.1328125,1.0
4835,3021.875,0.03125,-0.1015625,1.0
4836,3022.5,0.03125,-0.0859375,0.9453125
4837,3023.125,0.0,-0.1015625,1.0
4838,3023.75,0.0078125,-0.25,0.84375
4839,3024.375,0.015625,0.0234375,1.1796875
4840,3025.0,0.0,-0.140625,0.8125
4841,3025.625,-0.140625,-0.1015625,1.1171875
4842,3026.25,0.0546875,-0.1796875,0.78125
4843,3026.875,0.0,-0.03125,1.078125
4844,3027.5,0.015625,-0.21875,0.6953125
4845,3028.125,0.0390625,-0.0625,1.1953125
4846,3028.75,0.0234375,-0.1953125,0.828125
4847,3029.375,-0.03125,0.0,1.1953125
4848,3030.0,0.015625,-0.125,0.84375
4849,3030.625,0.0625,-0.0390625,1.125
4850,3031.25,-0.0625,-0.109375,0.8984375
4851,3031.875,0.0,-0.078125,1.09375
4852,3032.5,0.015625,-0.1796875,0.890625
4853,3033.125,0.0,-0.078125,1.09375
4854,3033.75,0.0,-0.140625,0.8828125
4855,3034.375,0.0390625,-0.1171875,1.0234375
4856,3035.0,0.0625,-0.15625,0.90625
4857,3035.625,0.015625,-0.109375,1.03125
4858,3036.25,0.046875,-0.140625,0.9375
4859,3036.875,0.078125,-0.09375,1.03125
4860,3037.5,0.078125,-0.0859375,1.0
4861,3038.125,-0.0234375,-0.0390625,1.0234375
4862,3038.75,0.09375,-0.078125,0.9296875
4863,3039.375,0.0,0.015625,1.21875
4864,3040.0,0.0,-0.1953125,0.8984375
4865,3040.625,-0.1875,0.0,1.1796875
4866,3041.25,-0.0390625,-0.234375,0.765625
4867,3041.875,-0.140625,-0.0625,1.1484375
4868,3042.5,-0.0390625,-0.21875,0.8125
4869,3043.125,-0.0625,-0.09375,1.140625
4870,3043.75,0.03125,-0.21875,0.859375
4871,3044.375,-0.0234375,-0.0703125,1.1796875
4872,3045.0,0.046875,-0.1796875,0.890625
4873,3045.625,0.0078125,-0.1796875,0.75
4874,3046.25,0.0,-0.1484375,1.0078125
4875,3046.875,0.0625,-0.1171875,0.7421875
4876,3047.5,-0.046875,-0.1171875,1.2265625
4877,3048.125,0.0078125,-0.1015625,0.9296875
4878,3048.75,0.0625,0.0546875,1.25
4879,3049.375,0.0234375,-0.125,0.9609375
4880,3050.0,0.03125,-0.015625,1.1875
4881,3050.625,0.109375,-0.1875,0.90625
4882,3051.25,0.015625,0.0234375,1.2109375
4883,3051.875,-0.0390625,-0.125,0.984375
4884,3052.5,0.0859375,-0.0546875,1.0703125
4885,3053.125,-0.0546875,-0.0859375,1.0078125
4886,3053.75,-0.078125,-0.1484375,0.984375
4887,3054.375,-0.0625,-0.1171875,1.0
4888,3055.0,-0.0234375,-0.1484375,0.9375
4889,3055.625,-0.109375,-0.1015625,0.953125
4890,3056.25,-0.0234375,-0.1796875,0.8828125
4891,3056.875,-0.0234375,-0.1015625,1.0703125
4892,3057.5,0.0,-0.171875,0.875
4893,3058.125,-0.0625,-0.0625,1.1015625
4894,3058.75,0.046875,-0.1171875,0.9453125
4895,3059.375,0.0,-0.0546875,1.1328125
4896,3060.0,0.03125,-0.140625,0.9375
4897,3060.625,0.015625,-0.0625,1.1328125
4898,3061.25,0.0546875,-0.140625,0.90625
4899,3061.875,0.046875,-0.0234375,1.1171875
4900,3062.5,0.0234375,-0.21875,0.859375
4901,3063.125,0.078125,-0.140625,1.03125
4902,3063.75,0.0234375,-0.1171875,0.8359375
4903,3064.375,0.0,-0.0859375,1.09375
4904,3065.0,0.03125,-0.1484375,0.90625
4905,3065.625,0.0390625,-0.1171875,1.0390625
4906,3066.25,0.0,-0.1484375,0.984375
4907,3066.875,0.0234375,-0.1328125,0.9921875
4908,3067.5,0.0390625,-0.1484375,0.9765625
4909,3068.125,0.0625,-0.1640625,0.9375
4910,3068.75,0.0,-0.125,1.0
4911,3069.375,0.0390625,-0.15625,0.9375
4912,3070.0,0.03125,-0.1171875,1.015625
4913,3070.625,0.0390625,-0.171875,0.890625
4914,3071.25,-0.0234375,-0.09375,1.0546875
4915,3071.875,0.046875,-0.1640625,0.921875
4916,3072.5,0.0,-0.078125,1.0703125
4917,3073.125,0.015625,-0.1640625,0.90625
4918,3073.75,0.0,-0.078125,1.0703125
4919,3074.375,0.0234375,-0.15625,0.921875
4920,3075.0,-0.03125,-0.078125,1.09375
4921,3075.625,0.0078125,-0.140625,0.90625
4922,3076.25,0.0,-0.1015625,1.0546875
4923,3076.875,0.015625,-0.140625,0.921875
4924,3077.5,0.0,-0.078125,1.046875
4925,3078.125,0.0,-0.1328125,0.9296875
4926,3078.75,0.0078125,-0.0859375,1.046875
4927,3079.375,0.03125,-0.125,0.9375
4928,3080.0,0.09375,-0.1015625,1.0
4929,3080.625,0.078125,-0.0703125,1.0
4930,3081.25,0.0078125,-0.1171875,1.0234375
4931,3081.875,0.0,-0.078125,1.0625
4932,3082.5,0.0625,-0.0703125,1.0234375
4933,3083.125,0.0234375,-0.078125,1.03125
4934,3083.75,0.0,-0.125,0.984375
4935,3084.375,-0.03125,-0.1015625,1.0078125
4936,3085.0,0.015625,-0.15625,0.9609375
4937,3085.625,-0.0546875,-0.125,1.0078125
4938,3086.25,0.0,-0.1328125,0.9921875
4939,3086.875,0.0,-0.1015625,1.03125
4940,3087.5,0.0,-0.125,0.9921875
4941,3088.125,0.0,-0.1015625,1.0078125
4942,3088.75,0.03125,-0.1328125,1.0
4943,3089.375,0.0078125,-0.1015625,1.0078125
4944,3090.0,0.0,-0.1328125,0.984375
4945,3090.625,0.0,-0.1171875,1.0078125
4946,3091.25,0.0390625,-0.15625,0.9609375
4947,3091.875,0.0078125,-0.109375,1.0546875
4948,3092.5,0.0234375,-0.140625,0.9765625
4949,3093.125,0.015625,-0.1015625,1.0625
4950,3093.75,0.046875,-0.1328125,0.984375
4951,3094.375,0.015625,-0.09375,1.03125
4952,3095.0,0.0,-0.125,0.9921875
4953,3095.625,0.0,-0.109375,1.0390625
4954,3096.25,0.015625,-0.1328125,0.96875
4955,3096.875,0.0078125,-0.125,1.0234375
4956,3097.5,0.015625,-0.125,1.0234375
4957,3098.125,0.015625,-0.1328125,0.96875
4958,3098.75,0.0,-0.0859375,1.0625
4959,3099.375,0.0390625,-0.171875,0.96875
4960,3100.0,0.015625,-0.1015625,1.046875
4961,3100.625,0.015625,-0.1484375,0.96875
4962,3101.25,0.0,-0.1015625,1.0546875
4963,3101.875,0.015625,-0.1640625,0.9921875
4964,3102.5,0.0,-0.1015625,1.0546875
4965,3103.125,0.015625,-0.1484375,0.984375
4966,3103.75,0.015625,-0.109375,1.0546875
4967,3104.375,0.0,-0.125,0.9921875
4968,3105.0,0.0,-0.1328125,1.03125
4969,3105.625,0.0,-0.140625,1.0
4970,3106.25,-0.0234375,-0.0703125,1.0703125
4971,3106.875,0.015625,-0.1875,0.9296875
4972,3107.5,-0.1015625,-0.1640625,1.0390625
4973,3108.125,-0.03125,-0.171875,0.890625
4974,3108.75,0.0,-0.1015625,1.0078125
4975,3109.375,0.0078125,-0.1640625,0.984375
4976,3110.0,0.015625,-0.1328125,0.9609375
4977,3110.625,0.046875,-0.0625,1.0625
4978,3111.25,0.0625,-0.15625,0.9609375
4979,3111.875,0.09375,-0.03125,1.265625
4980,3112.5,0.15625,-0.1953125,1.0625
4981,3113.125,0.140625,-0.015625,1.2109375
4982,3113.75,0.1875,-0.2265625,0.96875
4983,3114.375,0.0625,-0.0859375,1.171875
4984,3115.0,0.0,-0.2109375,0.9375
4985,3115.625,-0.015625,-0.125,1.1015625
4986,3116.25,0.0,-0.1640625,0.9296875
4987,3116.875,-0.0859375,-0.0546875,1.1484375
4988,3117.5,0.0,-0.140625,0.984375
4989,3118.125,-0.0625,-0.078125,1.1328125
4990,3118.75,-0.0625,-0.1640625,0.9453125
4991,3119.375,-0.0234375,-0.1171875,1.1015625
4992,3120.0,0.0,-0.1640625,0.9375
4993,3120.625,0.0,-0.1640625,1.078125
4994,3121.25,0.0234375,-0.0390625,1.046875
4995,3121.875,0.0625,-0.25,0.984375
4996,3122.5,0.046875,-0.0859375,1.0703125
4997,3123.125,0.1171875,-0.171875,0.9609375
4998,3123.75,0.046875,-0.0859375,1.1328125
4999,3124.375,0.09375,-0.1875,0.921875
5000,3125.0,-0.0078125,-0.046875,1.1328125
5001,3125.625,0.1171875,-0.15625,0.9921875
5002,3126.25,-0.015625,-0.0390625,1.2578125
5003,3126.875,0.0234375,-0.1953125,0.9453125
5004,3127.5,-0.0859375,-0.125,1.1640625
5005,3128.125,0.0,-0.140625,0.9453125
5006,3128.75,-0.09375,-0.1171875,1.046875
5007,3129.375,0.0,-0.1953125,0.9609375
5008,3130.0,0.0,-0.1484375,1.0546875
5009,3130.625,0.015625,-0.203125,0.9609375
5010,3131.25,0.0,-0.1796875,1.046875
5011,3131.875,0.0703125,-0.1796875,1.0078125
5012,3132.5,0.0546875,-0.140625,1.0625
5013,3133.125,0.0078125,-0.1328125,1.09375
5014,3133.75,0.015625,-0.171875,0.9921875
5015,3134.375,0.0078125,-0.1328125,1.0703125
5016,3135.0,0.0546875,-0.1796875,0.9765625
5017,3135.625,0.015625,-0.15625,1.1015625
5018,3136.25,0.015625,-0.125,1.09375
5019,3136.875,0.0234375,-0.1328125,1.046875
5020,3137.5,0.0,-0.140625,1.140625
5021,3138.125,0.0390625,-0.1328125,1.0703125
5022,3138.75,0.0,-0.09375,1.21875
5023,3139.375,0.015625,-0.171875,1.0234375
5024,3140.0,0.0,-0.1015625,1.1796875
5025,3140.625,0.0234375,-0.1640625,1.0234375
5026,3141.25,0.0078125,-0.140625,1.15625
5027,3141.875,0.046875,-0.1328125,1.0546875
5028,3142.5,0.03125,-0.09375,1.125
5029,3143.125,0.0078125,-0.1328125,1.0703125
5030,3143.75,0.0390625,-0.140625,1.1015625
5031,3144.375,0.0,-0.140625,1.09375
5032,3145.0,0.0,-0.15625,1.0859375
5033,3145.625,0.0625,-0.171875,1.09375
5034,3146.25,0.0078125,-0.1640625,1.0625
5035,3146.875,0.0,-0.1484375,1.09375
5036,3147.5,0.0546875,-0.140625,1.1015625
5037,3148.125,0.015625,-0.140625,1.1171875
5038,3148.75,0.015625,-0.1484375,1.0625
5039,3149.375,0.03125,-0.1328125,1.125
5040,3150.0,0.0859375,-0.171875,1.0546875
5041,3150.625,0.0234375,-0.1328125,1.171875
5042,3151.25,0.078125,-0.1640625,1.0546875
5043,3151.875,0.0234375,-0.15625,1.15625
5044,3152.5,0.0,-0.1875,1.0234375
5045,3153.125,0.0546875,-0.1640625,1.109375
5046,3153.75,0.078125,-0.15625,1.09375
5047,3154.375,0.0390625,-0.1640625,1.078125
5048,3155.0,0.03125,-0.1796875,1.09375
5049,3155.625,0.046875,-0.109375,1.21875
5050,3156.25,0.03125,-0.1796875,1.0546875
5051,3156.875,-0.03125,-0.09375,1.296875
5052,3157.5,0.046875,-0.203125,1.0546875
5053,3158.125,0.0234375,-0.1171875,1.296875
5054,3158.75,0.015625,-0.1875,1.03125
5055,3159.375,0.03125,-0.1484375,1.1953125
5056,3160.0,0.0703125,-0.1875,1.0703125
5057,3160.625,0.0390625,-0.109375,1.234375
5058,3161.25,0.0703125,-0.15625,1.109375
5059,3161.875,0.0625,-0.125,1.1953125
5060,3162.5,0.046875,-0.171875,1.078125
5061,3163.125,0.03125,-0.1640625,1.1796875
5062,3163.75,0.03125,-0.15625,1.125
5063,3164.375,0.03125,-0.140625,1.171875
5064,3165.0,0.03125,-0.1640625,1.15625
5065,3165.625,0.015625,-0.171875,1.1796875
5066,3166.25,0.0,-0.1484375,1.2265625
5067,3166.875,0.0703125,-0.1640625,1.15625
5068,3167.5,0.0390625,-0.140625,1.2421875
5069,3168.125,0.0078125,-0.171875,1.1328125
5070,3168.75,0.0546875,-0.1328125,1.25
5071,3169.375,0.03125,-0.1875,1.1875
5072,3170.0,0.0625,-0.1796875,1.1953125
5073,3170.625,0.0390625,-0.1953125,1.1640625
5074,3171.25,0.03125,-0.1796875,1.203125
5075,3171.875,0.046875,-0.1875,1.1640625
5076,3172.5,0.0390625,-0.1640625,1.21875
5077,3173.125,0.0234375,-0.1875,1.15625
5078,3173.75,0.03125,-0.1796875,1.2265625
5079,3174.375,0.0390625,-0.1640625,1.2265625
5080,3175.0,0.03125,-0.2109375,1.171875
5081,3175.625,0.0078125,-0.1484375,1.25
5082,3176.25,0.0546875,-0.171875,1.1953125
5083,3176.875,0.03125,-0.1484375,1.2421875
5084,3177.5,0.046875,-0.1875,1.1875
5085,3178.125,0.0234375,-0.1875,1.21875
5086,3178.75,0.0546875,-0.15625,1.25
5087,3179.375,0.0390625,-0.1640625,1.203125
5088,3180.0,0.0234375,-0.203125,1.21875
5089,3180.625,0.03125,-0.171875,1.2421875
5090,3181.25,0.0546875,-0.1796875,1.203125
5091,3181.875,0.0,-0.15625,1.2578125
5092,3182.5,0.0078125,-0.203125,1.203125
5093,3183.125,0.03125,-0.140625,1.28125
5094,3183.75,0.046875,-0.2109375,1.1796875
5095,3184.375,0.0234375,-0.171875,1.3046875
5096,3185.0,0.0546875,-0.203125,1.1953125
5097,3185.625,0.0234375,-0.15625,1.3046875
5098,3186.25,0.046875,-0.1953125,1.203125
5099,3186.875,0.0234375,-0.15625,1.2734375
5100,3187.5,0.046875,-0.1796875,1.25
5101,3188.125,0.03125,-0.1640625,1.265625
5102,3188.75,0.0390625,-0.1796875,1.28125
5103,3189.375,0.0390625,-0.1796875,1.2578125
5104,3190.0,0.03125,-0.1640625,1.25
5105,3190.625,0.046875,-0.1953125,1.2265625
5106,3191.25,0.015625,-0.1875,1.2890625
5107,3191.875,0.0390625,-0.171875,1.28125
5108,3192.5,0.03125,-0.1875,1.25
5109,3193.125,0.0234375,-0.1953125,1.265625
5110,3193.75,0.0234375,-0.203125,1.296875
5111,3194.375,0.0546875,-0.1875,1.2734375
5112,3195.0,0.015625,-0.1796875,1.2890625
5113,3195.625,0.03125,-0.1875,1.3125
5114,3196.25,0.0234375,-0.1875,1.265625
5115,3196.875,0.015625,-0.1640625,1.296875
5116,3197.5,0.015625,-0.1953125,1.2734375
5117,3198.125,0.0234375,-0.203125,1.296875
5118,3198.75,0.0390625,-0.1953125,1.28125
5119,3199.375,0.03125,-0.203125,1.2734375
5120,3200.0,0.015625,-0.1875,1.296875
5121,3200.625,0.0,-0.2109375,1.2890625
5122,3201.25,0.0390625,-0.203125,1.3046875
5123,3201.875,0.015625,-0.203125,1.3046875
5124,3202.5,0.0078125,-0.203125,1.3203125
5125,3203.125,0.0234375,-0.1953125,1.28125
5126,3203.75,0.015625,-0.1796875,1.3125
5127,3204.375,0.015625,-0.1953125,1.296875
5128,3205.0,0.0078125,-0.1875,1.3125
5129,3205.625,0.03125,-0.203125,1.3125
5130,3206.25,0.03125,-0.171875,1.3203125
5131,3206.875,0.0078125,-0.1953125,1.3046875
5132,3207.5,0.0,-0.1640625,1.359375
5133,3208.125,0.0546875,-0.1953125,1.2734375
5134,3208.75,-0.015625,-0.1484375,1.421875
5135,3209.375,0.0078125,-0.2109375,1.2734375
5136,3210.0,0.0,-0.140625,1.40625
5137,3210.625,0.03125,-0.21875,1.265625
5138,3211.25,0.0,-0.15625,1.421875
5139,3211.875,0.0,-0.1953125,1.3203125
5140,3212.5,0.0,-0.15625,1.4296875
5141,3213.125,0.0234375,-0.1796875,1.3203125
5142,3213.75,0.0,-0.1796875,1.390625
5143,3214.375,0.0234375,-0.1875,1.359375
5144,3215.0,0.015625,-0.1796875,1.375
5145,3215.625,-0.0234375,-0.171875,1.375
5146,3216.25,0.0,-0.203125,1.375
5147,3216.875,0.0078125,-0.1875,1.3828125
5148,3217.5,0.0,-0.1875,1.3203125
5149,3218.125,-0.046875,-0.1875,1.3359375
5150,3218.75,0.078125,-0.1953125,1.40625
5151,3219.375,0.046875,-0.2109375,1.2734375
5152,3220.0,0.0,-0.15625,1.4453125
5153,3220.625,0.0,-0.2265625,1.3046875
5154,3221.25,0.0,-0.171875,1.4296875
5155,3221.875,0.015625,-0.203125,1.2734375
5156,3222.5,0.0,-0.1015625,1.4765625
5157,3223.125,0.015625,-0.203125,1.3203125
5158,3223.75,0.015625,-0.1328125,1.46875
5159,3224.375,0.0,-0.1953125,1.3125
5160,3225.0,-0.015625,-0.1640625,1.453125
5161,3225.625,0.0,-0.171875,1.3203125
5162,3226.25,0.0,-0.1484375,1.46875
5163,3226.875,0.03125,-0.203125,1.3515625
5164,3227.5,0.0,-0.1875,1.4375
5165,3228.125,0.0,-0.21875,1.34375
5166,3228.75,-0.0234375,-0.171875,1.3828125
5167,3229.375,-0.0234375,-0.1796875,1.390625
5168,3230.0,-0.015625,-0.140625,1.421875
5169,3230.625,-0.0234375,-0.15625,1.40625
5170,3231.25,-0.0703125,-0.1484375,1.421875
5171,3231.875,-0.0234375,-0.171875,1.375
5172,3232.5,-0.0625,-0.1796875,1.3515625
5173,3233.125,0.0,-0.1796875,1.3984375
5174,3233.75,0.0234375,-0.1796875,1.375
5175,3234.375,0.0,-0.1796875,1.390625
5176,3235.0,-0.015625,-0.203125,1.40625
5177,3235.625,0.0,-0.1640625,1.3984375
5178,3236.25,0.0,-0.1640625,1.359375
5179,3236.875,-0.0234375,-0.1328125,1.3828125
5180,3237.5,-0.015625,-0.1484375,1.4140625
5181,3238.125,0.0,-0.1484375,1.3671875
5182,3238.75,-0.0234375,-0.15625,1.375
5183,3239.375,-0.015625,-0.1875,1.3828125
5184,3240.0,0.0,-0.1484375,1.359375
5185,3240.625,0.0,-0.171875,1.3671875
5186,3241.25,0.0,-0.1796875,1.3515625
5187,3241.875,0.015625,-0.1796875,1.3828125
5188,3242.5,-0.015625,-0.1484375,1.3671875
5189,3243.125,0.0,-0.1796875,1.25
5190,3243.75,-0.015625,-0.140625,1.3984375
5191,3244.375,0.0,-0.2109375,1.25
5192,3245.0,-0.03125,-0.125,1.3671875
5193,3245.625,0.0078125,-0.1953125,1.2734375
5194,3246.25,0.0,-0.1640625,1.3984375
5195,3246.875,0.0078125,-0.1640625,1.2890625
5196,3247.5,0.0,-0.1171875,1.390625
5197,3248.125,-0.015625,-0.15625,1.3046875
5198,3248.75,-0.0234375,-0.1015625,1.3984375
5199,3249.375,-0.0234375,-0.15625,1.2734375
5200,3250.0,-0.03125,-0.15625,1.3203125
5201,3250.625,-0.0234375,-0.1484375,1.34375
5202,3251.25,-0.015625,-0.1875,1.265625
5203,3251.875,-0.0390625,-0.15625,1.4375
5204,3252.5,-0.0546875,-0.171875,1.2734375
5205,3253.125,-0.0546875,-0.109375,1.4296875
5206,3253.75,-0.0234375,-0.15625,1.34375
5207,3254.375,-0.0234375,-0.1171875,1.3515625
5208,3255.0,-0.0546875,-0.15625,1.3828125
5209,3255.625,0.0,-0.2109375,1.2421875
5210,3256.25,0.0,-0.1328125,1.421875
5211,3256.875,-0.015625,-0.1640625,1.265625
5212,3257.5,0.0,-0.125,1.359375
5213,3258.125,0.0078125,-0.15625,1.3046875
5214,3258.75,0.0,-0.140625,1.3359375
5215,3259.375,0.0,-0.1640625,1.2578125
5216,3260.0,0.015625,-0.1484375,1.3125
5217,3260.625,0.0,-0.1640625,1.25
5218,3261.25,-0.0078125,-0.1328125,1.28125
5219,3261.875,-0.015625,-0.15625,1.2578125
5220,3262.5,0.0,-0.140625,1.2734375
5221,3263.125,-0.0234375,-0.125,1.28125
5222,3263.75,-0.03125,-0.234375,1.140625
5223,3264.375,-0.0390625,-0.03125,1.3828125
5224,3265.0,0.0,-0.234375,1.125
5225,3265.625,-0.015625,-0.0625,1.4140625
5226,3266.25,0.0,-0.1875,1.1171875
5227,3266.875,-0.0234375,-0.078125,1.34375
5228,3267.5,0.0,-0.1796875,1.109375
5229,3268.125,-0.03125,-0.109375,1.28125
5230,3268.75,-0.03125,-0.1640625,1.125
5231,3269.375,-0.03125,-0.09375,1.265625
5232,3270.0,-0.0390625,-0.1171875,1.203125
5233,3270.625,-0.03125,-0.1796875,1.1484375
5234,3271.25,0.0,-0.1171875,1.2265625
5235,3271.875,-0.03125,-0.15625,1.15625
5236,3272.5,0.0,-0.1015625,1.1953125
5237,3273.125,-0.046875,-0.125,1.171875
5238,3273.75,-0.015625,-0.15625,1.1875
5239,3274.375,-0.03125,-0.125,1.1875
5240,3275.0,0.0,-0.15625,1.0546875
5241,3275.625,-0.03125,-0.1328125,1.1484375
5242,3276.25,0.0,-0.1484375,1.03125
5243,3276.875,0.0,-0.125,1.1484375
5244,3277.5,0.0,-0.15625,1.0703125
5245,3278.125,-0.03125,-0.1171875,1.1875
5246,3278.75,0.015625,-0.2109375,0.9609375
5247,3279.375,-0.0234375,-0.0859375,1.1640625
5248,3280.0,0.0,-0.1484375,1.0625
5249,3280.625,-0.0390625,-0.1328125,1.125
5250,3281.25,-0.03125,-0.15625,1.078125
5251,3281.875,0.0,-0.1484375,1.015625
5252,3282.5,-0.046875,-0.171875,1.0390625
5253,3283.125,-0.046875,-0.15625,1.0
5254,3283.75,-0.046875,-0.1328125,1.0234375
5255,3284.375,0.0,-0.1640625,1.0
5256,3285.0,-0.0390625,-0.1171875,1.078125
5257,3285.625,0.0234375,-0.1640625,0.9375
5258,3286.25,0.0,-0.1328125,1.0703125
5259,3286.875,0.0,-0.171875,0.921875
5260,3287.5,-0.0234375,-0.0703125,1.0546875
5261,3288.125,0.0,-0.1328125,0.9296875
5262,3288.75,0.0078125,-0.1171875,1.03125
5263,3289.375,0.0,-0.171875,0.9375
5264,3290.0,0.0,-0.125,1.0
5265,3290.625,0.0,-0.1875,0.90625
5266,3291.25,-0.046875,-0.1328125,0.953125
5267,3291.875,-0.046875,-0.1484375,0.90625
5268,3292.5,-0.03125,-0.1015625,0.984375
5269,3293.125,0.0,-0.1484375,0.890625
5270,3293.75,-0.015625,-0.09375,0.96875
5271,3294.375,0.0078125,-0.1640625,0.8046875
5272,3295.0,-0.0234375,-0.09375,0.9609375
5273,3295.625,0.0,-0.15625,0.75
5274,3296.25,-0.03125,-0.09375,0.9609375
5275,3296.875,0.0546875,-0.125,0.828125
5276,3297.5,0.0078125,-0.078125,0.84375
5277,3298.125,0.0,-0.125,0.8359375
5278,3298.75,0.015625,-0.1484375,0.78125
5279,3299.375,0.0234375,-0.1171875,0.8046875
5280,3300.0,0.0,-0.1328125,0.765625
5281,3300.625,-0.0234375,-0.0625,0.796875
5282,3301.25,0.03125,-0.1796875,0.7265625
5283,3301.875,0.015625,-0.1640625,0.7578125
5284,3302.5,0.03125,-0.140625,0.71875
5285,3303.125,0.046875,-0.1015625,0.7578125
5286,3303.75,0.0,-0.109375,0.75
5287,3304.375,0.0234375,-0.125,0.71875
5288,3305.0,0.0,-0.0703125,0.75
5289,3305.625,-0.0234375,-0.1484375,0.7109375
5290,3306.25,0.0078125,-0.1328125,0.7265625
5291,3306.875,0.015625,-0.109375,0.671875
5292,3307.5,0.0078125,-0.0859375,0.65625
5293,3308.125,0.0390625,-0.125,0.6328125
5294,3308.75,0.015625,-0.140625,0.65625
5295,3309.375,0.0,-0.1171875,0.6328125
5296,3310.0,0.0,-0.1171875,0.625
5297,3310.625,-0.015625,-0.09375,0.625
5298,3311.25,-0.0234375,-0.125,0.6484375
5299,3311.875,-0.0234375,-0.1171875,0.6328125
5300,3312.5,0.0,-0.109375,0.65625
5301,3313.125,0.0,-0.09375,0.609375
5302,3313.75,0.0,-0.1015625,0.5234375
5303,3314.375,0.0234375,-0.1015625,0.546875
5304,3315.0,0.015625,-0.125,0.5
5305,3315.625,0.0,-0.078125,0.5625
5306,3316.25,0.0234375,-0.09375,0.5
5307,3316.875,0.0234375,-0.0625,0.5703125
5308,3317.5,0.015625,-0.1015625,0.484375
5309,3318.125,0.0,-0.0703125,0.5390625
5310,3318.75,0.046875,-0.0625,0.5078125
5311,3319.375,-0.0625,-0.0234375,0.6796875
5312,3320.0,0.015625,-0.109375,0.3828125
5313,3320.625,0.0078125,0.078125,0.65625
5314,3321.25,0.0,-0.1328125,0.3046875
5315,3321.875,0.0,0.03125,0.59375
5316,3322.5,0.0,-0.1640625,0.34375
5317,3323.125,0.0,0.0,0.6015625
5318,3323.75,0.0234375,-0.140625,0.25
5319,3324.375,0.0625,-0.0703125,0.5078125
5320,3325.0,0.0,-0.1875,0.2265625
5321,3325.625,-0.03125,-0.046875,0.3984375
5322,3326.25,-0.0703125,-0.109375,0.1953125
5323,3326.875,-0.03125,0.0,0.3984375
5324,3327.5,-0.078125,-0.0625,0.234375
5325,3328.125,0.0,0.0078125,0.4921875
5326,3328.75,0.0546875,-0.0625,0.3046875
5327,3329.375,0.0078125,0.0,0.4296875
5328,3330.0,-0.046875,-0.0546875,0.2734375
5329,3330.625,0.0390625,0.0,0.34375
5330,3331.25,0.0859375,-0.078125,0.3203125
5331,3331.875,-0.0234375,-0.0390625,0.3125
5332,3332.5,0.0,-0.0390625,0.2890625
5333,3333.125,-0.1171875,-0.0390625,0.25
5334,3333.75,0.0,-0.0703125,0.2109375
5335,3334.375,-0.109375,0.0,0.234375
5336,3335.0,-0.015625,-0.0546875,0.15625
5337,3335.625,-0.046875,0.0,0.234375
5338,3336.25,-0.046875,-0.03125,0.2265625
5339,3336.875,0.0,-0.0390625,0.1953125
5340,3337.5,0.0390625,-0.0234375,0.234375
5341,3338.125,0.0,-0.046875,0.15625
5342,3338.75,0.015625,0.0,0.234375
5343,3339.375,0.0,0.0,0.109375
5344,3340.0,0.0078125,0.015625,0.203125
5345,3340.625,0.0,-0.0390625,0.109375
5346,3341.25,0.0234375,-0.0546875,0.1328125
5347,3341.875,0.0234375,0.0,0.0859375
5348,3342.5,0.0625,0.015625,0.21875
5349,3343.125,-0.046875,0.0234375,0.0390625
5350,3343.75,0.0,0.0,0.1328125
5351,3344.375,0.0625,0.0,0.1015625
5352,3345.0,0.09375,0.0,0.0625
5353,3345.625,-0.03125,0.0390625,0.046875
5354,3346.25,0.015625,0.0390625,0.03125
5355,3346.875,0.015625,0.09375,0.125
5356,3347.5,-0.0859375,0.0859375,0.09375
5357,3348.125,-0.03125,0.1328125,0.140625
5358,3348.75,-0.0234375,0.0234375,-0.03125
5359,3349.375,0.25,0.046875,0.5625
5360,3350.0,-0.5078125,0.40625,0.3671875
5361,3350.625,0.28125,-0.9453125,-1.8125
5362,3351.25,0.1875,-0.578125,-0.640625
5363,3351.875,0.46875,-0.8671875,-1.1953125
5364,3352.5,0.171875,0.25,0.6640625
5365,3353.125,0.2265625,0.03125,0.09375
5366,3353.75,-0.03125,0.3671875,0.625
5367,3354.375,0.0,-0.1015625,-0.4140625
5368,3355.0,-0.09375,0.0,-0.328125
5369,3355.625,-0.125,-0.90625,-1.1015625
5370,3356.25,0.0,-0.1953125,0.0390625
5371,3356.875,-0.140625,-0.453125,-0.7265625
5372,3357.5,0.2578125,0.1484375,0.390625
5373,3358.125,-0.15625,0.03125,-0.3984375
5374,3358.75,-0.28125,0.3359375,0.4296875
5375,3359.375,-0.25,-0.0859375,-0.71875
5376,3360.0,-0.1015625,0.25,0.0390625
5377,3360.625,-0.25,-0.4453125,-1.1328125
5378,3361.25,-0.0546875,0.34375,-0.171875
5379,3361.875,0.0390625,0.0546875,0.0
5380,3362.5,0.109375,0.2734375,0.4296875
5381,3363.125,-0.203125,0.1484375,0.03125
5382,3363.75,-0.015625,0.375,-0.09375
5383,3364.375,-0.140625,0.2265625,-0.3671875
5384,3365.0,0.109375,0.015625,-0.4609375
5385,3365.625,0.109375,0.4140625,0.203125
5386,3366.25,-0.046875,-0.0703125,-0.3671875
5387,3366.875,-0.25,0.53125,0.5859375
5388,3367.5,0.1328125,0.15625,-0.7265625
5389,3368.125,-0.0234375,0.375,0.28125
5390,3368.75,-0.015625,-0.234375,-0.78125
5391,3369.375,-0.265625,0.1171875,0.203125
5392,3370.0,0.0234375,-0.3046875,-0.828125
5393,3370.625,-0.2421875,0.125,-0.09375
5394,3371.25,-0.0625,-0.140625,-0.6875
5395,3371.875,-0.1015625,0.15625,-0.203125
5396,3372.5,0.0546875,0.0,-0.5625
5397,3373.125,-0.171875,0.109375,-0.2265625
5398,3373.75,0.0859375,0.09375,-0.3515625
5399,3374.375,-0.140625,0.203125,-0.234375
5400,3375.0,-0.4296875,0.2109375,-0.2265625
5401,3375.625,-0.125,0.046875,-0.375
5402,3376.25,-0.1953125,-0.078125,-0.59375
5403,3376.875,0.0859375,-0.1015625,-0.34375
5404,3377.5,-0.1015625,0.03125,-0.40625
5405,3378.125,0.671875,0.15625,-0.28125
5406,3378.75,0.421875,0.2421875,0.125
5407,3379.375,0.25,0.453125,0.3984375
5408,3380.0,0.0,0.4765625,0.2265625
5409,3380.625,-0.390625,0.1171875,-0.65625
5410,3381.25,-0.4765625,0.0,-0.8515625
5411,3381.875,-0.234375,-0.21875,-1.0703125
5412,3382.5,0.03125,-0.0546875,-0.734375
5413,3383.125,-0.140625,-0.015625,-0.484375
5414,3383.75,-0.03125,0.2265625,-0.2265625
5415,3384.375,-0.0703125,0.4453125,0.328125
5416,3385.0,-0.15625,0.390625,-0.0546875
5417,3385.625,-0.3515625,0.5859375,0.3203125
5418,3386.25,0.03125,0.25,-0.5859375
5419,3386.875,-0.0703125,0.203125,-0.125
5420,3387.5,-0.0546875,-0.25,-0.8671875
5421,3388.125,-0.078125,0.0703125,-0.1796875
5422,3388.75,0.0625,-0.2578125,-0.875
5423,3389.375,0.0,0.0625,-0.1875
5424,3390.0,0.0078125,-0.140625,-0.7421875
5425,3390.625,0.0234375,0.0625,-0.3046875
5426,3391.25,0.03125,0.0,-0.625
5427,3391.875,-0.15625,0.1875,-0.359375
5428,3392.5,-0.0625,0.15625,-0.609375
5429,3393.125,0.0,0.2421875,-0.34375
5430,3393.75,-0.109375,0.1640625,-0.5234375
5431,3394.375,-0.0703125,0.140625,-0.328125
5432,3395.0,0.0078125,0.078125,-0.390625
5433,3395.625,0.0390625,0.0078125,-0.4921875
5434,3396.25,-0.0546875,0.046875,-0.4453125
5435,3396.875,0.015625,-0.0390625,-0.6015625
5436,3397.5,0.015625,-0.015625,-0.5703125
5437,3398.125,0.0,-0.0625,-0.640625
5438,3398.75,0.0,0.03125,-0.484375
5439,3399.375,0.0625,0.0,-0.5703125
5440,3400.0,-0.0625,0.078125,-0.46875
5441,3400.625,-0.0234375,0.125,-0.3984375
5442,3401.25,0.0859375,0.2421875,-0.1875
5443,3401.875,0.1328125,0.0,-0.6640625
5444,3402.5,0.015625,0.0078125,-0.5
5445,3403.125,0.0390625,-0.0546875,-0.6640625
5446,3403.75,0.21875,0.015625,-0.375
5447,3404.375,0.1171875,-0.0625,-0.6953125
5448,3405.0,0.03125,0.0546875,-0.4140625
5449,3405.625,0.140625,-0.015625,-0.6875
5450,3406.25,0.2421875,0.09375,-0.390625
5451,3406.875,0.09375,0.0078125,-0.5234375
5452,3407.5,0.0,0.0,-0.421875
5453,3408.125,0.0625,0.0078125,-0.4609375
5454,3408.75,1.0,0.0546875,-0.484375
5455,3409.375,0.0078125,0.1875,-0.34375
5456,3410.0,0.2421875,0.3671875,0.359375
5457,3410.625,0.1484375,0.609375,0.359375
5458,3411.25,-0.0546875,0.484375,0.328125
5459,3411.875,-0.328125,0.3203125,-0.3984375
5460,3412.5,-0.0234375,0.03125,-0.6015625
5461,3413.125,-0.2421875,-0.171875,-0.9609375
5462,3413.75,-0.1640625,-0.2265625,-0.6796875
5463,3414.375,-0.1484375,-0.234375,-0.7265625
5464,3415.0,-0.7578125,-0.1171875,-0.5
5465,3415.625,-0.53125,-0.328125,-0.4765625
5466,3416.25,0.0078125,0.15625,-0.1015625
5467,3416.875,0.09375,-0.0390625,-0.1015625
5468,3417.5,0.046875,0.2734375,0.2734375
5469,3418.125,0.21875,0.390625,0.3125
5470,3418.75,0.109375,0.4375,0.3671875
5471,3419.375,0.21875,0.3125,0.0390625
5472,3420.0,0.0,0.296875,-0.1015625
5473,3420.625,0.125,0.1796875,-0.2421875
5474,3421.25,0.078125,0.109375,-0.3828125
5475,3421.875,0.0625,0.046875,-0.3046875
5476,3422.5,-0.0390625,0.03125,-0.25
5477,3423.125,0.0625,0.078125,-0.0859375
5478,3423.75,0.0,0.03125,-0.078125
5479,3424.375,-0.0703125,0.1171875,0.046875
5480,3425.0,-0.0390625,0.0390625,-0.1015625
5481,3425.625,0.046875,0.09375,0.1015625
5482,3426.25,-0.078125,0.015625,-0.0859375
5483,3426.875,-0.09375,0.0546875,0.0
5484,3427.5,-0.0546875,0.0,-0.125
5485,3428.125,-0.078125,0.0625,0.0
5486,3428.75,-0.0703125,0.0,-0.0859375
5487,3429.375,-0.03125,0.09375,0.09375
5488,3430.0,-0.03125,0.046875,-0.03125
5489,3430.625,-0.09375,0.09375,0.1328125
5490,3431.25,-0.140625,0.0234375,0.015625
5491,3431.875,0.0,0.0625,0.0546875
5492,3432.5,0.0390625,-0.046875,0.0546875
5493,3433.125,-0.0625,0.0546875,0.140625
5494,3433.75,-0.1171875,0.03125,0.046875
5495,3434.375,-0.09375,0.0703125,0.1640625
5496,3435.0,-0.09375,0.0390625,0.1328125
5497,3435.625,-0.0703125,0.125,0.25
5498,3436.25,-0.046875,0.1171875,0.203125
5499,3436.875,-0.1328125,0.1171875,0.2265625
5500,3437.5,-0.1328125,0.0390625,0.1328125
5501,3438.125,-0.109375,0.09375,0.34375
5502,3438.75,-0.109375,0.0703125,0.171875
5503,3439.375,-0.0703125,0.03125,0.2109375
5504,3440.0,0.1953125,0.0546875,0.3671875
5505,3440.625,0.3515625,0.0625,0.4453125
5506,3441.25,-0.0625,0.3125,0.328125
5507,3441.875,-0.34375,0.15625,0.4453125
5508,3442.5,-0.1328125,0.21875,0.359375
5509,3443.125,-0.1875,0.25,0.4140625
5510,3443.75,-0.046875,0.0,0.1875
5511,3444.375,0.0703125,0.0625,0.28125
5512,3445.0,0.0859375,-0.046875,0.171875
5513,3445.625,0.015625,0.0546875,0.328125
5514,3446.25,0.015625,0.0078125,0.296875
5515,3446.875,0.0078125,0.125,0.5703125
5516,3447.5,-0.0703125,0.09375,0.453125
5517,3448.125,-0.078125,0.15625,0.5703125
5518,3448.75,-0.078125,0.0859375,0.34375
5519,3449.375,-0.09375,0.09375,0.4765625
5520,3450.0,-0.140625,0.03125,0.3828125
5521,3450.625,-0.1171875,0.0859375,0.515625
5522,3451.25,-0.09375,0.046875,0.4140625
5523,3451.875,-0.109375,0.0703125,0.578125
5524,3452.5,-0.109375,0.046875,0.453125
5525,3453.125,-0.078125,0.0546875,0.515625
5526,3453.75,-0.0546875,0.015625,0.453125
5527,3454.375,-0.046875,0.0859375,0.5234375
5528,3455.0,0.0625,0.0390625,0.5234375
5529,3455.625,-0.0546875,0.0859375,0.65625
5530,3456.25,-0.1171875,0.0,0.4609375
5531,3456.875,-0.15625,0.234375,0.6953125
5532,3457.5,-0.1640625,0.0,0.4609375
5533,3458.125,-0.2109375,0.1015625,0.6875
5534,3458.75,0.0,0.109375,0.640625
5535,3459.375,0.0,0.1328125,0.6796875
5536,3460.0,0.015625,0.0859375,0.6953125
5537,3460.625,-0.046875,0.0703125,0.6015625
5538,3461.25,-0.109375,0.0,0.5234375
5539,3461.875,-0.078125,0.0,0.578125
5540,3462.5,-0.0546875,-0.0546875,0.5078125
5541,3463.125,0.0859375,-0.0859375,-0.8125
5542,3463.75,0.0703125,-0.4140625,-0.890625
5543,3464.375,0.28125,-0.2734375,0.6171875
5544,3465.0,0.0859375,0.1796875,1.578125
5545,3465.625,0.0,0.7421875,1.828125
5546,3466.25,0.328125,0.25,0.9921875
5547,3466.875,-0.1328125,0.1953125,0.5078125
5548,3467.5,-0.1328125,0.0390625,0.1796875
5549,3468.125,-0.4140625,0.03125,0.8984375
5550,3468.75,-0.3359375,-0.109375,0.53125
5551,3469.375,-0.375,0.0,0.53125
5552,3470.0,-0.15625,-0.1953125,-0.1328125
5553,3470.625,-0.1328125,-0.25,0.3125
5554,3471.25,0.09375,-0.125,0.6796875
5555,3471.875,0.2109375,0.203125,1.375
5556,3472.5,0.1875,0.3828125,1.5
5557,3473.125,-0.25,0.6015625,1.5
5558,3473.75,-0.28125,0.203125,0.71875
5559,3474.375,-0.4140625,0.0234375,0.3125
5560,3475.0,-0.15625,-0.34375,0.0
5561,3475.625,-0.1875,-0.265625,0.34375
5562,3476.25,-0.046875,-0.2421875,0.640625
5563,3476.875,-0.0859375,-0.046875,1.0
5564,3477.5,0.015625,0.03125,1.1015625
5565,3478.125,-0.09375,0.0703125,1.125
5566,3478.75,-0.0703125,0.0,0.984375
5567,3479.375,-0.5625,-0.03125,0.0
5568,3480.0,0.4453125,-0.296875,0.1328125
5569,3480.625,0.328125,0.125,1.09375
5570,3481.25,0.421875,0.4453125,2.296875
5571,3481.875,-0.140625,0.75,2.3515625
5572,3482.5,-0.234375,0.6015625,1.890625
5573,3483.125,-0.46875,0.1328125,0.6171875
5574,3483.75,-0.21875,-0.1953125,0.2890625
5575,3484.375,-0.3203125,-0.5546875,-0.078125
5576,3485.0,-0.28125,-0.390625,0.515625
5577,3485.625,-0.203125,-0.3671875,0.734375
5578,3486.25,-0.078125,-0.1640625,1.046875
5579,3486.875,-0.1796875,-0.1015625,1.15625
5580,3487.5,-0.15625,0.203125,1.8046875
5581,3488.125,-0.0625,0.140625,1.4140625
5582,3488.75,-0.1015625,0.1015625,1.3359375
5583,3489.375,-0.0859375,-0.03125,1.0
5584,3490.0,-0.09375,0.015625,1.0625
5585,3490.625,-0.15625,0.0234375,1.2890625
5586,3491.25,-0.25,0.0,1.15625
5587,3491.875,-0.1953125,-0.125,0.9765625
5588,3492.5,-0.140625,-0.125,1.0546875
5589,3493.125,-0.1640625,-0.1640625,1.015625
5590,3493.75,-0.15625,-0.0703125,1.2734375
5591,3494.375,-0.0625,-0.046875,1.34375
5592,3495.0,-0.0859375,0.0,1.375
5593,3495.625,-0.109375,-0.015625,1.3359375
5594,3496.25,-0.046875,-0.0546875,1.296875
5595,3496.875,-0.0390625,-0.046875,1.234375
5596,3497.5,-0.0859375,-0.0703125,1.2421875
5597,3498.125,-0.0859375,-0.0703125,1.265625
5598,3498.75,-0.0625,-0.0703125,1.25
5599,3499.375,-0.1484375,-0.0390625,1.3203125
5600,3500.0,-0.1640625,-0.0390625,1.34375
5601,3500.625,-0.0703125,0.0,1.3828125
5602,3501.25,-0.1015625,-0.0625,1.2890625
5603,3501.875,-0.1328125,-0.0390625,1.3671875
5604,3502.5,-0.125,-0.09375,1.3046875
5605,3503.125,-0.109375,-0.03125,1.375
5606,3503.75,-0.1953125,-0.0625,1.3515625
5607,3504.375,-0.1640625,-0.0390625,1.4375
5608,3505.0,-0.125,-0.0390625,1.4296875
5609,3505.625,-0.15625,0.0,1.484375
5610,3506.25,-0.15625,-0.0234375,1.4375
5611,3506.875,-0.109375,-0.0234375,1.5
5612,3507.5,-0.1171875,-0.046875,1.453125
5613,3508.125,-0.1328125,-0.0625,1.4921875
5614,3508.75,0.0,-0.109375,1.3984375
5615,3509.375,-0.0234375,0.0,1.484375
5616,3510.0,-0.109375,0.0234375,1.6171875
5617,3510.625,-0.1640625,0.0546875,1.6171875
5618,3511.25,-0.1015625,0.03125,1.546875
5619,3511.875,-0.109375,0.015625,1.6015625
5620,3512.5,-0.125,0.0,1.578125
5621,3513.125,-0.140625,0.0078125,1.5546875
5622,3513.75,-0.125,0.0,1.5859375
5623,3514.375,-0.15625,0.0,1.609375
5624,3515.0,-0.1171875,0.0,1.5859375
5625,3515.625,-0.109375,-0.015625,1.5625
5626,3516.25,-0.171875,0.0546875,1.6953125
5627,3516.875,-0.1640625,-0.03125,1.640625
5628,3517.5,-0.1796875,0.0546875,1.8046875
5629,3518.125,-0.125,-0.015625,1.671875
5630,3518.75,-0.1875,0.0703125,1.828125
5631,3519.375,-0.1171875,0.0234375,1.53125
5632,3520.0,-0.1875,0.0859375,1.875
5633,3520.625,-0.125,-0.0546875,1.5546875
5634,3521.25,-0.1953125,0.0234375,1.90625
5635,3521.875,-0.1015625,-0.0390625,1.6328125
5636,3522.5,-0.171875,0.0859375,1.9453125
5637,3523.125,-0.1484375,0.0078125,1.75
5638,3523.75,-0.1640625,0.0703125,1.8671875
5639,3524.375,-0.171875,0.0546875,1.765625
5640,3525.0,-0.1171875,0.0703125,1.8828125
5641,3525.625,-0.0703125,0.0234375,1.7578125
5642,3526.25,-0.125,0.03125,1.859375
5643,3526.875,-0.125,0.0,1.7578125
5644,3527.5,-0.09375,0.03125,1.8828125
5645,3528.125,-0.078125,0.0,1.75
5646,3528.75,-0.140625,0.0703125,1.8515625
5647,3529.375,-0.109375,0.0390625,1.765625
5648,3530.0,-0.09375,0.0703125,1.859375
5649,3530.625,-0.1015625,0.03125,1.7421875
5650,3531.25,-0.1484375,0.0703125,1.859375
5651,3531.875,-0.078125,0.0390625,1.7421875
5652,3532.5,-0.109375,0.046875,1.8125
5653,3533.125,-0.140625,0.0,1.75
5654,3533.75,-0.1171875,0.046875,1.828125
5655,3534.375,-0.09375,0.0234375,1.78125
5656,3535.0,-0.15625,0.0546875,1.8515625
5657,3535.625,-0.1328125,0.03125,1.8203125
5658,3536.25,-0.125,0.0546875,1.859375
5659,3536.875,-0.140625,0.03125,1.8125
5660,3537.5,-0.109375,0.0390625,1.859375
5661,3538.125,-0.09375,0.03125,1.84375
5662,3538.75,-0.1171875,0.0,1.859375
5663,3539.375,-0.1640625,0.0234375,1.8828125
5664,3540.0,-0.140625,0.03125,1.8359375
5665,3540.625,-0.1171875,0.0234375,1.890625
5666,3541.25,-0.140625,0.03125,1.8515625
5667,3541.875,-0.1015625,0.0234375,1.890625
5668,3542.5,-0.09375,0.0078125,1.8515625
5669,3543.125,-0.1328125,0.0078125,1.9140625
5670,3543.75,-0.1328125,0.015625,1.890625
5671,3544.375,-0.109375,0.015625,1.90625
5672,3545.0,-0.140625,0.0078125,1.890625
5673,3545.625,-0.140625,0.015625,1.875
5674,3546.25,-0.1484375,0.03125,1.7890625
5675,3546.875,-0.1171875,-0.015625,1.6953125
5676,3547.5,-0.1953125,-0.0234375,1.6640625
5677,3548.125,-0.1875,-0.03125,1.65625
5678,3548.75,-0.15625,-0.03125,1.5859375
5679,3549.375,-0.1953125,0.0,1.5546875
5680,3550.0,0.4609375,-1.234375,-2.5
5681,3550.625,-1.6796875,-2.2734375,-0.8203125
5682,3551.25,-0.03125,-0.0703125,2.65625
5683,3551.875,0.109375,-1.421875,1.421875
5684,3552.5,-0.5390625,-0.390625,2.9453125
5685,3553.125,-0.703125,0.375,3.9765625
5686,3553.75,-0.2421875,-0.640625,3.3046875
5687,3554.375,0.3359375,-0.3203125,2.84375
5688,3555.0,-0.3671875,-0.2578125,2.6875
5689,3555.625,-0.484375,0.0625,3.15625
5690,3556.25,-0.4765625,0.0,3.5
5691,3556.875,0.21875,-0.0234375,3.9921875
5692,3557.5,0.3671875,0.1875,3.9921875
5693,3558.125,0.4375,0.3984375,3.9921875
5694,3558.75,0.0234375,0.3125,3.9921875
5695,3559.375,-0.15625,0.28125,3.9921875
5696,3560.0,-0.375,0.0859375,3.9921875
5697,3560.625,-0.0390625,-0.0546875,3.875
5698,3561.25,0.03125,0.125,3.9921875
5699,3561.875,0.0234375,-0.71875,3.9921875
5700,3562.5,-0.28125,-0.546875,3.9921875
5701,3563.125,-0.21875,-0.375,3.9921875
5702,3563.75,0.3828125,-0.5234375,3.9921875
5703,3564.375,-0.046875,-0.3046875,3.9921875
5704,3565.0,-0.203125,-0.625,3.9921875
5705,3565.625,-0.234375,-0.3515625,3.9921875
5706,3566.25,-0.015625,-0.28125,3.9921875
5707,3566.875,-0.1953125,-1.421875,3.9921875
5708,3567.5,0.3125,-1.015625,3.9921875
5709,3568.125,0.796875,-0.8203125,3.9921875
5710,3568.75,0.09375,-1.1484375,3.9921875
5711,3569.375,-0.5078125,-2.2578125,3.1875
5712,3570.0,0.5234375,-1.265625,3.84375
5713,3570.625,-0.1640625,-2.859375,1.3515625
5714,3571.25,-1.3828125,0.359375,3.7734375
5715,3571.875,-1.1171875,-2.8828125,1.1015625
5716,3572.5,-0.828125,-0.265625,3.8515625
5717,3573.125,-0.5859375,-1.3046875,1.34375
5718,3573.75,0.609375,-0.625,3.7421875
5719,3574.375,0.59375,-0.984375,3.15625
5720,3575.0,0.125,-0.25,3.7734375
5721,3575.625,0.609375,0.09375,2.875
5722,3576.25,-1.4375,-0.2265625,2.046875
5723,3576.875,0.2578125,-3.1796875,-2.171875
5724,3577.5,-0.3125,-0.953125,-1.0390625
5725,3578.125,0.9765625,-0.40625,0.8984375
5726,3578.75,2.109375,1.2890625,3.671875
5727,3579.375,0.7421875,-0.8125,3.421875
5728,3580.0,-1.515625,0.3046875,3.59375
5729,3580.625,1.5703125,0.0234375,1.6171875
5730,3581.25,0.2109375,-2.03125,0.625
5731,3581.875,3.0625,0.0390625,2.6328125
5732,3582.5,0.75,-1.8203125,0.3125
5733,3583.125,0.515625,0.7421875,3.5
5734,3583.75,0.4140625,-0.7734375,0.9921875
5735,3584.375,-0.75,-0.3515625,2.9921875
5736,3585.0,-0.8359375,-0.765625,0.625
5737,3585.625,0.34375,-0.3125,1.84375
5738,3586.25,0.5234375,-0.5859375,0.578125
5739,3586.875,0.3828125,-0.0625,2.5703125
5740,3587.5,0.8515625,-0.6171875,2.2890625
5741,3588.125,0.640625,0.21875,3.34375
5742,3588.75,0.609375,0.0078125,2.3046875
5743,3589.375,0.1953125,-0.4296875,2.6640625
5744,3590.0,-0.4296875,-0.5625,0.4375
5745,3590.625,0.953125,-0.7421875,0.9140625
5746,3591.25,1.15625,-0.96875,1.0390625
5747,3591.875,0.75,-1.4765625,1.2421875
5748,3592.5,0.9296875,0.1484375,2.046875
5749,3593.125,0.71875,0.640625,2.359375
5750,3593.75,0.4921875,0.2734375,2.421875
5751,3594.375,-0.1015625,-0.75,1.6796875
5752,3595.0,0.1640625,-0.796875,0.2421875
5753,3595.625,0.171875,0.5234375,1.5
5754,3596.25,1.03125,-1.0078125,0.96875
5755,3596.875,0.625,0.171875,1.9140625
5756,3597.5,0.4375,0.578125,1.90625
5757,3598.125,0.0859375,0.1484375,0.9140625
5758,3598.75,-0.375,-1.421875,0.0703125
5759,3599.375,0.1015625,-0.3828125,1.1953125
5760,3600.0,0.3046875,-1.34375,-0.5078125
5761,3600.625,0.2890625,-0.5625,1.65625
5762,3601.25,0.4140625,-1.296875,1.125
5763,3601.875,-0.6015625,-0.625,1.0546875
5764,3602.5,0.4453125,0.3203125,1.625
5765,3603.125,-0.2265625,-1.1171875,0.984375
5766,3603.75,0.2265625,-1.4453125,0.5703125
5767,3604.375,0.3828125,0.0234375,0.75
5768,3605.0,0.0859375,0.0546875,0.5
5769,3605.625,0.3671875,-0.859375,0.9453125
5770,3606.25,0.0859375,-1.171875,0.4609375
5771,3606.875,-0.3515625,-0.2734375,0.875
5772,3607.5,-1.1796875,-0.65625,0.3203125
5773,3608.125,0.484375,-1.1875,0.078125
5774,3608.75,0.9140625,-1.203125,0.4453125
5775,3609.375,0.40625,-0.4140625,0.609375
5776,3610.0,0.1640625,-0.640625,0.25
5777,3610.625,0.4375,-0.75,-0.1015625
5778,3611.25,0.390625,-0.421875,0.1875
5779,3611.875,0.0859375,0.1484375,0.7109375
5780,3612.5,-0.515625,-0.578125,0.2421875
5781,3613.125,0.21875,-0.078125,0.78125
5782,3613.75,0.484375,-0.3828125,0.28125
5783,3614.375,0.140625,0.0234375,0.8515625
5784,3615.0,0.3359375,-0.0546875,0.3359375
5785,3615.625,0.1171875,-0.25,0.484375
5786,3616.25,0.2734375,-0.21875,1.0546875
5787,3616.875,0.3046875,-0.421875,0.1875
5788,3617.5,0.015625,0.203125,0.8828125
5789,3618.125,0.09375,-0.578125,-0.5625
5790,3618.75,-0.203125,-0.0625,0.9296875
5791,3619.375,0.8359375,-0.265625,-0.484375
5792,3620.0,0.296875,-0.0390625,0.8046875
5793,3620.625,-0.296875,-0.140625,0.2265625
5794,3621.25,-0.2421875,0.046875,0.2734375
5795,3621.875,0.046875,-0.21875,0.046875
5796,3622.5,0.2734375,-0.0234375,0.7578125
5797,3623.125,0.1171875,-0.3046875,0.3046875
5798,3623.75,-0.3671875,-0.4296875,-0.4375
5799,3624.375,-0.34375,-0.15625,0.109375
5800,3625.0,-0.1015625,-0.140625,-0.03125
5801,3625.625,-0.0703125,-0.078125,0.1640625
5802,3626.25,0.1640625,-0.0625,0.015625
5803,3626.875,-0.109375,0.0,0.40625
5804,3627.5,-0.0234375,-0.09375,0.0390625
5805,3628.125,0.0078125,0.0078125,0.3828125
5806,3628.75,0.0,-0.0859375,0.1484375
5807,3629.375,0.21875,-0.015625,0.4296875
5808,3630.0,0.03125,-0.109375,0.234375
5809,3630.625,-0.109375,-0.2578125,0.2265625
5810,3631.25,-0.171875,-0.1640625,0.2265625
5811,3631.875,-0.078125,-0.15625,0.265625
5812,3632.5,0.0,-0.0703125,0.28125
5813,3633.125,0.0,-0.109375,0.2421875
5814,3633.75,-0.2109375,-0.1171875,0.28125
5815,3634.375,-0.140625,-0.1171875,0.2734375
5816,3635.0,-0.1015625,-0.109375,0.3828125
5817,3635.625,0.15625,-0.2890625,0.8359375
5818,3636.25,0.0,0.046875,0.78125
5819,3636.875,-0.0859375,-0.3828125,0.4921875
5820,3637.5,0.328125,0.234375,1.359375
5821,3638.125,0.5,-0.2265625,0.8828125
5822,3638.75,0.046875,0.7890625,1.59375
5823,3639.375,0.03125,0.4609375,0.9375
5824,3640.0,-0.1328125,0.3984375,1.2265625
5825,3640.625,-0.109375,-0.046875,0.8359375
5826,3641.25,-1.125,-0.203125,0.515625
5827,3641.875,0.09375,-0.03125,-0.3203125
5828,3642.5,-0.28125,-0.2890625,0.7109375
5829,3643.125,-0.046875,-0.4375,0.109375
5830,3643.75,-0.359375,0.3046875,1.3671875
5831,3644.375,0.0546875,-0.15625,0.5859375
5832,3645.0,-0.1953125,0.2421875,1.484375
5833,3645.625,0.046875,0.125,0.796875
5834,3646.25,0.0234375,0.3125,1.34375
5835,3646.875,0.21875,0.21875,0.8125
5836,3647.5,-0.1953125,0.171875,1.2265625
5837,3648.125,-0.40625,-0.125,0.5546875
5838,3648.75,-0.75,0.15625,1.1875
5839,3649.375,0.2421875,0.109375,0.6796875
5840,3650.0,-0.421875,0.25,1.6484375
5841,3650.625,-0.203125,-0.1875,0.8046875
5842,3651.25,-0.265625,0.1875,1.2578125
5843,3651.875,-0.0546875,-0.0625,0.7265625
5844,3652.5,-0.46875,-0.0703125,1.0625
5845,3653.125,-0.109375,-0.1875,0.6875
5846,3653.75,-0.1953125,-0.140625,1.046875
5847,3654.375,-0.1015625,-0.0390625,0.9453125
5848,3655.0,-0.203125,0.09375,1.28125
5849,3655.625,0.046875,0.1875,1.265625
5850,3656.25,-0.1015625,0.171875,1.4296875
5851,3656.875,-0.328125,0.1484375,1.3828125
5852,3657.5,-0.25,0.171875,1.25
5853,3658.125,-0.25,0.09375,1.3046875
5854,3658.75,-0.3125,0.0234375,1.0
5855,3659.375,-0.203125,0.5546875,1.5546875
5856,3660.0,-0.2578125,-0.34375,0.84375
5857,3660.625,-0.25,0.5625,1.9765625
5858,3661.25,-0.1328125,0.2265625,1.3203125
5859,3661.875,-0.1015625,0.6328125,2.0390625
5860,3662.5,-0.09375,0.2421875,1.4921875
5861,3663.125,-0.2265625,0.3828125,1.953125
5862,3663.75,-0.015625,0.0390625,1.375
5863,3664.375,-0.125,0.1796875,1.7265625
5864,3665.0,-0.0703125,-0.0234375,1.1875
5865,3665.625,0.0390625,0.1328125,0.8125
5866,3666.25,-0.1640625,0.0546875,1.2265625
5867,3666.875,-0.3046875,0.109375,1.4140625
5868,3667.5,-0.203125,0.4765625,1.9140625
5869,3668.125,-0.25,0.3515625,1.6328125
5870,3668.75,-0.2265625,0.375,1.890625
5871,3669.375,-0.1875,0.2109375,1.5625
5872,3670.0,-0.1640625,0.234375,1.6875
5873,3670.625,-0.1953125,0.234375,1.4921875
5874,3671.25,-0.0859375,-0.015625,1.2265625
5875,3671.875,0.078125,-0.0546875,1.8203125
5876,3672.5,0.0078125,0.3671875,1.0
5877,3673.125,-0.09375,0.4296875,2.03125
5878,3673.75,-0.1640625,0.015625,1.2578125
5879,3674.375,-0.265625,0.1953125,1.9609375
5880,3675.0,-0.171875,-0.15625,1.078125
5881,3675.625,-0.2109375,0.25,1.78125
5882,3676.25,-0.1171875,-0.125,1.0859375
5883,3676.875,-0.0625,0.3828125,1.953125
5884,3677.5,-0.0546875,0.0,1.1015625
5885,3678.125,-0.171875,0.359375,1.8671875
5886,3678.75,0.0078125,-0.09375,1.0390625
5887,3679.375,-0.078125,0.2578125,1.796875
5888,3680.0,0.0,-0.109375,0.9921875
5889,3680.625,-0.140625,0.1484375,1.546875
5890,3681.25,0.078125,-0.09375,1.015625
5891,3681.875,-0.078125,0.0390625,1.203125
5892,3682.5,0.0,-0.1640625,1.03125
5893,3683.125,0.0,0.1328125,1.3125
5894,3683.75,-0.03125,-0.046875,1.1640625
5895,3684.375,-0.0546875,0.25,1.40625
5896,3685.0,0.046875,0.25,1.3203125
5897,3685.625,-0.1328125,0.3046875,1.484375
5898,3686.25,-0.0234375,0.1796875,1.421875
5899,3686.875,-0.046875,0.1484375,1.4453125
5900,3687.5,0.0234375,0.0703125,1.328125
5901,3688.125,0.046875,0.09375,1.375
5902,3688.75,0.0234375,0.0,1.140625
5903,3689.375,0.0,0.0,1.2421875
5904,3690.0,0.0,-0.0546875,1.109375
5905,3690.625,-0.03125,0.0625,1.2578125
5906,3691.25,0.078125,0.0703125,1.125
5907,3691.875,-0.0234375,0.1015625,1.3984375
5908,3692.5,0.0,0.1015625,1.171875
5909,3693.125,-0.109375,0.265625,1.5
5910,3693.75,0.078125,0.140625,1.15625
5911,3694.375,0.03125,0.15625,1.375
5912,3695.0,0.0390625,0.03125,1.109375
5913,3695.625,0.1484375,0.09375,1.28125
5914,3696.25,0.0234375,0.0546875,1.0703125
5915,3696.875,-0.046875,0.1171875,1.1484375
5916,3697.5,-0.03125,0.0234375,1.0078125
5917,3698.125,-0.0546875,0.0859375,1.0078125
5918,3698.75,0.0078125,-0.09375,0.921875
5919,3699.375,0.0234375,-0.03125,0.8984375
5920,3700.0,-0.015625,0.0,1.0
5921,3700.625,0.21875,0.0234375,0.96875
5922,3701.25,0.25,0.03125,0.9921875
5923,3701.875,0.234375,0.140625,1.2734375
5924,3702.5,0.25,0.0546875,1.1328125
5925,3703.125,0.1171875,0.1328125,1.3203125
5926,3703.75,0.0,0.0234375,1.09375
5927,3704.375,-0.09375,0.0390625,1.1171875
5928,3705.0,-0.03125,0.0,0.984375
5929,3705.625,-0.1484375,0.03125,1.0234375
5930,3706.25,-0.125,-0.046875,0.8515625
5931,3706.875,-0.078125,0.03125,1.0390625
5932,3707.5,-0.015625,-0.03125,0.90625
5933,3708.125,-0.125,0.0,0.984375
5934,3708.75,0.09375,0.046875,0.9609375
5935,3709.375,0.1640625,0.0,0.9296875
5936,3710.0,-0.03125,0.0078125,1.0
5937,3710.625,0.0,0.0,0.9765625
5938,3711.25,0.109375,0.0078125,1.0625
5939,3711.875,0.015625,-0.0859375,0.7734375
5940,3712.5,0.03125,0.015625,1.0
5941,3713.125,0.0234375,-0.09375,0.734375
5942,3713.75,0.0625,0.0546875,1.0234375
5943,3714.375,0.0,-0.1015625,0.75
5944,3715.0,-0.0546875,0.0234375,1.0
5945,3715.625,0.0,-0.0859375,0.71875
5946,3716.25,-0.046875,0.0,1.0
5947,3716.875,-0.0859375,-0.0625,0.796875
5948,3717.5,-0.046875,-0.09375,0.828125
5949,3718.125,-0.125,-0.0859375,0.75
5950,3718.75,-0.109375,-0.1015625,0.7734375
5951,3719.375,-0.0234375,-0.1171875,0.8125
5952,3720.0,-0.0390625,-0.1328125,0.7734375
5953,3720.625,-0.09375,-0.078125,0.890625
5954,3721.25,0.0078125,-0.125,0.8046875
5955,3721.875,-0.015625,-0.09375,0.921875
5956,3722.5,-0.0625,-0.1796875,0.7265625
5957,3723.125,-0.0390625,0.0390625,1.140625
5958,3723.75,0.015625,-0.1875,0.703125
5959,3724.375,-0.0859375,0.0,1.09375
5960,3725.0,-0.0390625,-0.21875,0.640625
5961,3725.625,-0.0390625,-0.0390625,0.984375
5962,3726.25,-0.03125,-0.203125,0.5703125
5963,3726.875,-0.1484375,0.0,0.9609375
5964,3727.5,-0.0625,-0.1640625,0.640625
5965,3728.125,-0.078125,-0.0390625,0.9296875
5966,3728.75,-0.0703125,-0.1484375,0.75
5967,3729.375,-0.0625,-0.0703125,0.9609375
5968,3730.0,0.0,-0.1328125,0.7578125
5969,3730.625,-0.0703125,-0.0546875,0.984375
5970,3731.25,-0.0390625,-0.1484375,0.8046875
5971,3731.875,0.0,-0.0625,0.9375
5972,3732.5,0.0,-0.1640625,0.7421875
5973,3733.125,-0.1171875,-0.0703125,0.9609375
5974,3733.75,-0.0625,-0.1484375,0.78125
5975,3734.375,-0.0625,-0.125,0.8671875
5976,3735.0,-0.1796875,-0.1484375,0.8125
5977,3735.625,-0.171875,-0.2265625,0.65625
5978,3736.25,-0.1328125,-0.2421875,0.6796875
5979,3736.875,-0.1328125,-0.265625,0.5859375
5980,3737.5,-0.0625,-0.15625,0.796875
5981,3738.125,0.0234375,-0.203125,0.796875
5982,3738.75,-0.015625,-0.0859375,0.96875
5983,3739.375,0.0,-0.125,0.875
5984,3740.0,-0.0234375,-0.0546875,1.0
5985,3740.625,-0.03125,-0.0390625,0.921875
5986,3741.25,0.015625,-0.2265625,0.6328125
5987,3741.875,-0.046875,-0.078125,0.9921875
5988,3742.5,-0.03125,-0.1640625,0.875
5989,3743.125,-0.078125,-0.0625,1.0625
5990,3743.75,-0.1328125,-0.1796875,0.875
5991,3744.375,-0.171875,-0.1171875,0.96875
5992,3745.0,-0.1796875,-0.21875,0.78125
5993,3745.625,-0.1484375,-0.1953125,0.828125
5994,3746.25,-0.1640625,-0.25,0.6796875
5995,3746.875,-0.046875,-0.1953125,0.875
5996,3747.5,0.0078125,-0.328125,0.5234375
5997,3748.125,0.0,-0.1796875,0.984375
5998,3748.75,0.21875,-0.25,0.6796875
5999,3749.375,-0.015625,-0.0703125,1.078125
6000,3750.0,-0.109375,-0.140625,0.8515625
6001,3750.625,-0.0625,0.03125,1.046875
6002,3751.25,-0.1640625,0.03125,1.2109375
6003,3751.875,-0.1015625,0.0,1.0390625
6004,3752.5,-0.1484375,0.0,1.1875
6005,3753.125,-0.1484375,-0.1484375,0.890625
6006,3753.75,-0.15625,-0.203125,0.78125
6007,3754.375,-0.125,-0.2109375,0.734375
6008,3755.0,-0.1015625,-0.1875,0.8125
6009,3755.625,-0.015625,-0.25,0.7578125
6010,3756.25,-0.0625,-0.1953125,0.8984375
6011,3756.875,-0.046875,-0.171875,0.90625
6012,3757.5,0.0078125,-0.109375,0.9453125
6013,3758.125,-0.015625,-0.140625,0.9609375
6014,3758.75,-0.109375,-0.1015625,1.015625
6015,3759.375,-0.03125,-0.1953125,0.90625
6016,3760.0,0.1015625,-0.09375,1.078125
6017,3760.625,0.0,-0.0859375,1.03125
6018,3761.25,-0.1796875,-0.1171875,0.8515625
6019,3761.875,-0.109375,-0.140625,0.890625
6020,3762.5,-0.1015625,-0.1796875,0.6953125
6021,3763.125,-0.1796875,-0.1640625,0.875
6022,3763.75,-0.03125,-0.15625,0.796875
6023,3764.375,0.046875,-0.171875,0.8984375
6024,3765.0,0.015625,-0.234375,0.8828125
6025,3765.625,-0.0234375,-0.1796875,1.0078125
6026,3766.25,0.078125,-0.2421875,0.8828125
6027,3766.875,0.0,-0.109375,1.0234375
6028,3767.5,-0.078125,-0.1875,0.8984375
6029,3768.125,-0.0625,-0.0859375,1.046875
6030,3768.75,0.0390625,-0.2890625,0.7578125
6031,3769.375,-0.0703125,-0.078125,1.1484375
6032,3770.0,0.0,-0.2421875,0.7734375
6033,3770.625,-0.0546875,-0.0703125,1.1171875
6034,3771.25,-0.015625,-0.1484375,0.859375
6035,3771.875,-0.1171875,-0.03125,1.0625
6036,3772.5,0.0,-0.15625,0.8359375
6037,3773.125,-0.0234375,-0.03125,1.0546875
6038,3773.75,0.0078125,-0.140625,0.8828125
6039,3774.375,0.0,-0.0390625,1.1015625
6040,3775.0,0.078125,-0.1328125,0.984375
6041,3775.625,0.0,-0.0625,1.15625
6042,3776.25,0.0078125,-0.1328125,0.96875
6043,3776.875,0.0703125,-0.0859375,1.0625
6044,3777.5,0.0078125,-0.1875,0.84375
6045,3778.125,-0.078125,-0.109375,1.0390625
6046,3778.75,-0.03125,-0.171875,0.9140625
6047,3779.375,0.0,-0.1171875,1.0390625
6048,3780.0,-0.0625,-0.125,0.9921875
6049,3780.625,-0.09375,-0.1015625,1.0546875
6050,3781.25,0.0,-0.109375,1.0234375
6051,3781.875,-0.0390625,-0.0859375,1.0703125
6052,3782.5,-0.0703125,-0.09375,1.0390625
6053,3783.125,0.21875,-0.09375,1.0546875
6054,3783.75,-0.25,-0.2890625,0.6953125
6055,3784.375,-0.0390625,0.2265625,1.2734375
6056,3785.0,0.0,-0.0234375,0.9296875
6057,3785.625,0.0546875,0.140625,1.3359375
6058,3786.25,-0.0859375,-0.1171875,0.984375
6059,3786.875,-0.0234375,0.0,1.3046875
6060,3787.5,-0.03125,-0.09375,0.9140625
6061,3788.125,0.0,0.0390625,1.265625
6062,3788.75,-0.0390625,-0.1796875,0.8359375
6063,3789.375,0.046875,-0.125,1.1875
6064,3790.0,-0.03125,-0.2421875,0.8203125
6065,3790.625,-0.0234375,-0.09375,1.1640625
6066,3791.25,0.0,-0.125,0.8984375
6067,3791.875,0.015625,0.0,1.1796875
6068,3792.5,0.0,-0.0859375,1.015625
6069,3793.125,-0.015625,0.0078125,1.21875
6070,3793.75,0.0,0.0,1.0703125
6071,3794.375,-0.015625,0.0,1.21875
6072,3795.0,0.0,-0.0625,1.0703125
6073,3795.625,0.0,-0.0625,1.09375
6074,3796.25,0.0,-0.09375,1.0546875
6075,3796.875,0.0,-0.09375,1.078125
6076,3797.5,0.015625,-0.078125,1.0625
6077,3798.125,-0.03125,0.015625,1.171875
6078,3798.75,0.09375,0.0390625,1.03125
6079,3799.375,-0.0234375,-0.0703125,1.0859375
6080,3800.0,0.078125,-0.1015625,1.0703125
6081,3800.625,-0.046875,-0.0390625,1.0390625
6082,3801.25,0.0,-0.046875,1.0625
6083,3801.875,-0.0546875,0.015625,1.1171875
6084,3802.5,0.0078125,-0.0625,1.015625
6085,3803.125,-0.0859375,-0.0234375,1.1640625
6086,3803.75,-0.046875,-0.046875,1.0
6087,3804.375,-0.015625,0.015625,1.1640625
6088,3805.0,0.0,-0.078125,0.9765625
6089,3805.625,-0.0859375,0.046875,1.1640625
6090,3806.25,-0.0390625,-0.1171875,0.9609375
6091,3806.875,0.015625,0.0078125,1.1953125
6092,3807.5,-0.0234375,-0.09375,0.9921875
6093,3808.125,-0.0390625,0.0546875,1.2421875
6094,3808.75,0.0234375,-0.046875,1.0
6095,3809.375,0.0,0.0546875,1.234375
6096,3810.0,0.0,-0.0234375,1.046875
6097,3810.625,0.015625,0.0234375,1.1484375
6098,3811.25,0.03125,-0.0390625,1.046875
6099,3811.875,-0.046875,0.0,1.1171875
6100,3812.5,-0.015625,-0.046875,1.078125
6101,3813.125,-0.015625,-0.015625,1.046875
6102,3813.75,-0.0546875,-0.046875,0.96875
6103,3814.375,-0.0390625,-0.0390625,1.0703125
6104,3815.0,0.0234375,-0.046875,1.0
6105,3815.625,-0.0546875,-0.0703125,1.0625
6106,3816.25,0.03125,0.0,1.09375
6107,3816.875,0.0234375,-0.046875,1.109375
6108,3817.5,0.0,0.1484375,1.2265625
6109,3818.125,-0.078125,-0.015625,1.1015625
6110,3818.75,-0.03125,0.046875,1.1953125
6111,3819.375,-0.09375,-0.0625,1.0
6112,3820.0,-0.140625,0.0546875,1.09375
6113,3820.625,-0.0859375,-0.0390625,0.9375
6114,3821.25,-0.09375,0.0078125,1.046875
6115,3821.875,-0.109375,-0.1015625,0.890625
6116,3822.5,-0.125,0.046875,1.125
6117,3823.125,0.0,-0.0546875,0.9296875
6118,3823.75,-0.078125,0.0546875,1.140625
6119,3824.375,0.0078125,-0.0234375,0.90625
6120,3825.0,-0.03125,0.0546875,1.140625
6121,3825.625,0.015625,-0.328125,1.0
6122,3826.25,-0.0625,0.0234375,0.8828125
6123,3826.875,-0.1015625,0.0703125,0.9765625
6124,3827.5,-0.46875,-0.0234375,0.8203125
6125,3828.125,-0.1875,-0.0703125,1.0625
6126,3828.75,0.0234375,0.2578125,0.9921875
6127,3829.375,0.0078125,-0.1328125,1.03125
6128,3830.0,-0.046875,0.0078125,0.90625
6129,3830.625,0.0,-0.015625,1.078125
6130,3831.25,-0.015625,-0.0625,0.9296875
6131,3831.875,0.0,-0.03125,1.078125
6132,3832.5,-0.078125,-0.03125,0.921875
6133,3833.125,0.0,0.0546875,1.046875
6134,3833.75,-0.0703125,0.0,0.9453125
6135,3834.375,-0.09375,0.0,1.0390625
6136,3835.0,-0.0703125,-0.0546875,0.9453125
6137,3835.625,-0.046875,0.0078125,1.046875
6138,3836.25,-0.0625,0.0,0.984375
6139,3836.875,-0.0625,0.0,1.0078125
6140,3837.5,-0.046875,-0.046875,0.8984375
6141,3838.125,-0.1015625,-0.0234375,0.9296875
6142,3838.75,-0.1015625,-0.0390625,0.890625
6143,3839.375,-0.0703125,-0.0390625,0.9453125
6144,3840.0,0.109375,-0.015625,1.03125
6145,3840.625,0.015625,0.1171875,0.9375
6146,3841.25,0.0546875,0.0859375,0.984375
6147,3841.875,-0.21875,-0.09375,0.8515625
6148,3842.5,-0.1796875,0.21875,1.2890625
6149,3843.125,-0.109375,-0.109375,0.765625
6150,3843.75,0.0,0.109375,1.234375
6151,3844.375,0.0,-0.1171875,0.8046875
6152,3845.0,0.015625,0.015625,1.109375
6153,3845.625,0.1953125,-0.1015625,0.875
6154,3846.25,0.078125,0.1328125,1.0703125
6155,3846.875,-0.0234375,-0.1875,0.75
6156,3847.5,0.0,0.0390625,1.078125
6157,3848.125,0.0,-0.0546875,0.7890625
6158,3848.75,-0.1015625,-0.046875,0.9609375
6159,3849.375,-0.125,-0.0390625,0.8671875
6160,3850.0,-0.0625,-0.0703125,0.8203125
6161,3850.625,-0.109375,0.0,0.890625
6162,3851.25,-0.125,-0.0390625,0.84375
6163,3851.875,-0.1171875,-0.0234375,0.8828125
6164,3852.5,-0.0703125,-0.0703125,0.8125
6165,3853.125,-0.109375,-0.046875,0.8984375
6166,3853.75,-0.0546875,-0.1171875,0.796875
6167,3854.375,-0.046875,0.0,0.953125
6168,3855.0,-0.0234375,-0.078125,0.828125
6169,3855.625,-0.0390625,0.0,0.984375
6170,3856.25,0.015625,-0.0859375,0.84375
6171,3856.875,-0.0390625,0.0,1.0
6172,3857.5,-0.0625,-0.0625,0.8671875
6173,3858.125,-0.0546875,0.0,1.0
6174,3858.75,-0.03125,-0.0546875,0.828125
6175,3859.375,-0.1015625,-0.0234375,0.9453125
6176,3860.0,-0.0625,-0.046875,0.828125
6177,3860.625,-0.046875,-0.0234375,0.9375
6178,3861.25,-0.09375,-0.0234375,0.921875
6179,3861.875,-0.046875,-0.015625,0.96875
6180,3862.5,-0.1015625,-0.0625,0.8828125
6181,3863.125,-0.0546875,0.0390625,0.9453125
6182,3863.75,-0.0625,-0.078125,0.9296875
6183,3864.375,-0.03125,-0.03125,0.8828125
6184,3865.0,-0.0703125,-0.046875,0.9140625
6185,3865.625,-0.046875,-0.0625,1.0
6186,3866.25,-0.046875,-0.03125,0.984375
6187,3866.875,-0.046875,-0.046875,1.015625
6188,3867.5,-0.0625,-0.1015625,0.859375
6189,3868.125,0.109375,-0.0546875,0.953125
6190,3868.75,-0.015625,-0.171875,0.75
6191,3869.375,-0.1015625,-0.0625,0.8984375
6192,3870.0,-0.15625,-0.078125,0.7734375
6193,3870.625,-0.078125,0.0,0.9609375
6194,3871.25,-0.15625,-0.046875,0.8828125
6195,3871.875,-0.109375,0.0,1.0
6196,3872.5,-0.046875,-0.046875,0.90625
6197,3873.125,0.0,-0.0390625,0.984375
6198,3873.75,-0.0859375,-0.0390625,0.9609375
6199,3874.375,0.0,-0.0546875,1.0
6200,3875.0,-0.015625,-0.0625,0.9453125
6201,3875.625,-0.0390625,-0.03125,1.0
6202,3876.25,-0.015625,0.0,0.9765625
6203,3876.875,0.078125,-0.0703125,0.9765625
6204,3877.5,-0.0546875,-0.109375,0.984375
6205,3878.125,-0.015625,-0.1015625,0.921875
6206,3878.75,0.0,-0.0546875,1.0078125
6207,3879.375,0.0,-0.0390625,0.9921875
6208,3880.0,-0.046875,0.0,1.0
6209,3880.625,0.0,0.0,1.0078125
6210,3881.25,0.0,0.0,1.0
6211,3881.875,0.0,-0.015625,1.0
6212,3882.5,0.0,-0.0625,1.03125
6213,3883.125,0.0,-0.0546875,0.9765625
6214,3883.75,-0.3046875,0.0,1.1484375
6215,3884.375,-0.09375,-0.03125,0.9609375
6216,3885.0,-0.140625,-0.03125,1.125
6217,3885.625,0.40625,-0.1328125,1.1640625
6218,3886.25,-0.125,0.0234375,0.984375
6219,3886.875,0.0390625,-0.2734375,1.203125
6220,3887.5,0.1640625,0.0703125,1.0234375
6221,3888.125,0.25,0.0,1.359375
6222,3888.75,0.015625,-0.09375,1.0546875
6223,3889.375,0.1171875,0.0703125,1.3046875
6224,3890.0,0.0,-0.0390625,0.9453125
6225,3890.625,-0.078125,0.1328125,1.21875
6226,3891.25,-0.140625,-0.015625,0.8984375
6227,3891.875,-0.1875,0.046875,1.15625
6228,3892.5,-0.1953125,-0.0390625,0.90625
6229,3893.125,-0.25,0.03125,1.15625
6230,3893.75,-0.0625,-0.0546875,0.9765625
6231,3894.375,-0.0625,0.0078125,1.1484375
6232,3895.0,0.046875,-0.1171875,0.9765625
6233,3895.625,0.03125,-0.015625,1.1171875
6234,3896.25,0.03125,-0.09375,1.0
6235,3896.875,0.140625,-0.0546875,0.9609375
6236,3897.5,0.09375,-0.1171875,1.0546875
6237,3898.125,0.1328125,0.0234375,1.0625
6238,3898.75,-0.03125,0.078125,1.0390625
6239,3899.375,0.0,0.0078125,1.078125
6240,3900.0,0.0,0.0546875,1.09375
6241,3900.625,-0.03125,-0.046875,1.0390625
6242,3901.25,-0.0703125,0.0,1.109375
6243,3901.875,0.03125,-0.078125,0.9765625
6244,3902.5,-0.078125,0.1015625,1.203125
6245,3903.125,0.328125,0.03125,1.15625
6246,3903.75,-0.109375,0.2578125,1.375
6247,3904.375,0.1484375,-0.109375,1.1328125
6248,3905.0,0.09375,-0.03125,1.0
6249,3905.625,0.1171875,-0.65625,0.3671875
6250,3906.25,-0.109375,-0.0625,0.90625
6251,3906.875,0.28125,-0.359375,0.6171875
6252,3907.5,-0.125,0.0546875,1.0
6253,3908.125,-0.1640625,-0.125,0.796875
6254,3908.75,-0.1328125,0.1171875,1.1875
6255,3909.375,0.0,-0.125,0.9375
6256,3910.0,-0.2421875,0.109375,1.234375
6257,3910.625,0.0,-0.078125,1.0546875
6258,3911.25,-0.0390625,0.015625,1.1484375
6259,3911.875,-0.1640625,-0.09375,0.9375
6260,3912.5,-0.2109375,-0.0546875,1.0859375
6261,3913.125,-0.140625,-0.0546875,1.0234375
6262,3913.75,0.0546875,-0.171875,0.90625
6263,3914.375,-0.0390625,-0.0390625,1.1171875
6264,3915.0,0.1796875,-0.2265625,0.6875
6265,3915.625,0.109375,0.046875,1.234375
6266,3916.25,0.1484375,-0.1015625,1.015625
6267,3916.875,0.109375,-0.03125,1.25
6268,3917.5,0.1484375,0.109375,1.140625
6269,3918.125,-0.125,-0.1796875,0.953125
6270,3918.75,-0.171875,0.0703125,1.1796875
6271,3919.375,-0.1171875,-0.0390625,0.9453125
6272,3920.0,-0.2578125,0.109375,1.171875
6273,3920.625,-0.234375,-0.0625,1.015625
6274,3921.25,-0.125,-0.0234375,1.15625
6275,3921.875,-0.0859375,-0.109375,0.9921875
6276,3922.5,-0.1484375,-0.0625,1.1875
6277,3923.125,0.015625,-0.1328125,0.953125
6278,3923.75,0.03125,-0.0859375,1.1015625
6279,3924.375,0.0,-0.1328125,0.8984375
6280,3925.0,0.0234375,-0.0625,1.0859375
6281,3925.625,0.1171875,-0.125,0.875
6282,3926.25,0.0234375,0.0,1.1015625
6283,3926.875,0.0,-0.0859375,0.921875
6284,3927.5,0.0,-0.046875,1.1484375
6285,3928.125,-0.0703125,-0.1640625,0.9609375
6286,3928.75,-0.0546875,-0.15625,1.125
6287,3929.375,-0.2421875,0.0703125,1.09375
6288,3930.0,-0.125,-0.140625,0.734375
6289,3930.625,-0.1171875,-0.0625,0.96875
6290,3931.25,0.078125,-0.15625,0.7890625
6291,3931.875,-0.046875,0.109375,1.3046875
6292,3932.5,0.0625,-0.1796875,0.8046875
6293,3933.125,0.0,0.0625,1.2578125
6294,3933.75,0.125,-0.2109375,0.6796875
6295,3934.375,-0.1953125,0.1640625,1.2109375
6296,3935.0,0.1328125,-0.078125,0.90625
6297,3935.625,-0.1015625,0.0859375,1.1875
6298,3936.25,-0.0703125,-0.15625,0.8515625
6299,3936.875,-0.2265625,0.0234375,1.1875
6300,3937.5,-0.078125,-0.1171875,0.859375
6301,3938.125,-0.2421875,0.015625,1.0859375
6302,3938.75,0.0,-0.109375,0.9140625
6303,3939.375,-0.046875,-0.03125,1.1171875
6304,3940.0,-0.0625,-0.125,0.9453125
6305,3940.625,-0.0703125,0.0,1.140625
6306,3941.25,0.0,-0.0859375,0.96875
6307,3941.875,-0.1015625,0.0,1.09375
6308,3942.5,-0.109375,-0.09375,1.0078125
6309,3943.125,-0.1015625,-0.0625,1.03125
6310,3943.75,-0.1015625,-0.1171875,0.96875
6311,3944.375,-0.1640625,-0.1015625,0.96875
6312,3945.0,-0.09375,-0.09375,0.9140625
6313,3945.625,-0.03125,-0.0625,1.0234375
6314,3946.25,-0.140625,-0.1015625,0.9296875
6315,3946.875,-0.140625,-0.0390625,1.046875
6316,3947.5,-0.0390625,-0.0859375,0.9609375
6317,3948.125,-0.0390625,-0.1015625,0.96875
6318,3948.75,-0.2421875,-0.0625,1.015625
6319,3949.375,0.0234375,-0.0859375,0.9921875
6320,3950.0,-0.09375,-0.03125,1.078125
6321,3950.625,-0.21875,-0.125,0.9921875
6322,3951.25,-0.140625,-0.09375,1.0
6323,3951.875,-0.0390625,-0.140625,0.875
6324,3952.5,-0.125,-0.1171875,0.9296875
6325,3953.125,-0.0546875,-0.0859375,0.9609375
6326,3953.75,0.0703125,-0.109375,0.9453125
6327,3954.375,0.0,-0.0390625,1.015625
6328,3955.0,-0.0859375,-0.0234375,0.9609375
6329,3955.625,-0.046875,0.0078125,1.046875
6330,3956.25,-0.046875,-0.0234375,1.0
6331,3956.875,-0.0859375,-0.109375,1.0
6332,3957.5,-0.0703125,-0.09375,1.0
6333,3958.125,-0.078125,-0.109375,0.96875
6334,3958.75,-0.125,-0.125,0.9375
6335,3959.375,-0.1484375,-0.0703125,1.046875
6336,3960.0,-0.0703125,-0.109375,1.015625
6337,3960.625,-0.0859375,-0.0625,1.0859375
6338,3961.25,-0.09375,-0.0625,0.9453125
6339,3961.875,-0.046875,-0.0390625,1.0
6340,3962.5,-0.03125,-0.0546875,0.953125
6341,3963.125,-0.0625,-0.0234375,1.0234375
6342,3963.75,-0.046875,-0.0625,0.96875
6343,3964.375,-0.0390625,-0.0625,1.0
6344,3965.0,-0.046875,-0.0859375,0.9453125
6345,3965.625,-0.1171875,-0.0546875,1.0
6346,3966.25,-0.109375,-0.0859375,0.9609375
6347,3966.875,-0.078125,-0.0703125,0.9609375
6348,3967.5,-0.1015625,-0.1015625,0.921875
6349,3968.125,-0.1875,-0.0546875,1.015625
6350,3968.75,-0.1171875,-0.09375,0.9296875
6351,3969.375,-0.109375,-0.0390625,1.046875
6352,3970.0,-0.1171875,-0.0625,0.9765625
6353,3970.625,-0.0546875,-0.03125,1.0234375
6354,3971.25,0.0234375,-0.0625,0.984375
6355,3971.875,-0.046875,-0.03125,1.0078125
6356,3972.5,-0.1015625,-0.03125,0.9609375
6357,3973.125,-0.0390625,0.0078125,1.0078125
6358,3973.75,-0.0625,-0.0234375,0.9375
6359,3974.375,-0.0625,-0.03125,1.0546875
6360,3975.0,-0.015625,-0.109375,0.9453125
6361,3975.625,-0.03125,-0.0859375,1.046875
6362,3976.25,-0.0625,-0.0859375,0.9609375
6363,3976.875,-0.0859375,0.0,1.1328125
6364,3977.5,0.0,-0.1171875,0.9375
6365,3978.125,-0.1171875,0.0,1.140625
6366,3978.75,-0.09375,-0.09375,0.875
6367,3979.375,-0.0625,-0.0546875,1.0078125
6368,3980.0,-0.046875,-0.1015625,0.859375
6369,3980.625,-0.1015625,-0.0234375,1.0234375
6370,3981.25,-0.0625,-0.09375,0.921875
6371,3981.875,0.0,-0.0546875,1.015625
6372,3982.5,-0.046875,-0.078125,0.9609375
6373,3983.125,-0.0625,-0.0625,1.0
6374,3983.75,-0.03125,-0.03125,1.0
6375,3984.375,-0.0234375,-0.078125,0.9375
6376,3985.0,0.0,0.0,0.9921875
6377,3985.625,-0.046875,-0.015625,1.0625
6378,3986.25,0.0,-0.03125,1.015625
6379,3986.875,-0.09375,-0.03125,1.0546875
6380,3987.5,-0.046875,-0.09375,1.0
6381,3988.125,0.0,-0.03125,1.015625
6382,3988.75,0.0234375,-0.078125,0.9453125
6383,3989.375,-0.0390625,-0.0546875,1.0
6384,3990.0,-0.0859375,-0.015625,1.0
6385,3990.625,-0.1171875,0.0,0.984375
6386,3991.25,-0.125,0.0078125,1.0
6387,3991.875,-0.015625,-0.03125,1.0
6388,3992.5,0.0,-0.0703125,1.0
6389,3993.125,-0.0703125,-0.09375,1.0
6390,3993.75,-0.1015625,-0.0625,0.96875
6391,3994.375,-0.0390625,-0.03125,1.046875
6392,3995.0,-0.0859375,-0.09375,0.9921875
6393,3995.625,0.015625,0.0859375,1.140625
6394,3996.25,-0.1328125,0.0,1.1328125
6395,3996.875,0.0,-0.046875,0.9609375
6396,3997.5,-0.1015625,-0.0078125,1.0
6397,3998.125,-0.046875,-0.1171875,0.75
6398,3998.75,-0.109375,-0.0859375,0.96875
6399,3999.375,0.0,-0.1875,0.765625
6400,4000.0,-0.0625,-0.0859375,0.984375
6401,4000.625,0.0,-0.1015625,0.8515625
6402,4001.25,0.0,-0.015625,1.0703125
6403,4001.875,0.015625,-0.0546875,0.953125
6404,4002.5,0.0,0.0,1.0703125
6405,4003.125,0.0,-0.0625,0.9765625
6406,4003.75,-0.0625,0.0,1.1015625
6407,4004.375,-0.03125,-0.0546875,0.9609375
6408,4005.0,-0.0625,0.0,1.078125
6409,4005.625,-0.046875,-0.0546875,0.953125
6410,4006.25,-0.078125,0.0,1.0546875
6411,4006.875,0.046875,0.0,1.015625
6412,4007.5,0.03125,-0.0625,1.0
6413,4008.125,0.0,-0.1328125,0.9296875
6414,4008.75,-0.03125,-0.0546875,0.96875
6415,4009.375,0.0390625,-0.046875,0.875
6416,4010.0,0.0,-0.03125,0.8671875
6417,4010.625,-0.0234375,-0.0703125,0.9765625
6418,4011.25,0.0,-0.1015625,0.8828125
6419,4011.875,0.0,-0.03125,1.015625
6420,4012.5,0.0,-0.0234375,1.0
6421,4013.125,-0.015625,0.0,1.1015625
6422,4013.75,0.015625,-0.0625,1.0078125
6423,4014.375,-0.0078125,0.0,1.1328125
6424,4015.0,-0.0078125,-0.0390625,0.984375
6425,4015.625,-0.015625,-0.0234375,1.03125
6426,4016.25,-0.015625,-0.0703125,0.9296875
6427,4016.875,0.0,-0.03125,1.0234375
6428,4017.5,0.0,-0.0703125,0.9453125
6429,4018.125,0.0,-0.0390625,1.03125
6430,4018.75,0.0,-0.0703125,1.0
6431,4019.375,0.0,-0.03125,1.0390625
6432,4020.0,0.0,-0.0625,0.9609375
6433,4020.625,-0.015625,-0.0390625,1.03125
6434,4021.25,0.0,-0.078125,0.96875
6435,4021.875,-0.0390625,-0.0546875,1.015625
6436,4022.5,0.0,-0.0546875,0.96875
6437,4023.125,-0.0703125,-0.0703125,1.0
6438,4023.75,0.015625,-0.0546875,1.0
6439,4024.375,0.0,-0.078125,0.9765625
6440,4025.0,0.078125,0.0,1.0625
6441,4025.625,0.1171875,-0.078125,1.0
6442,4026.25,0.0859375,-0.015625,1.1328125
6443,4026.875,0.03125,-0.03125,1.03125
6444,4027.5,0.03125,0.0,1.09375
6445,4028.125,0.015625,-0.0703125,1.0
6446,4028.75,0.0,-0.015625,1.0546875
6447,4029.375,-0.0390625,-0.0703125,0.9609375
6448,4030.0,-0.03125,-0.046875,1.015625
6449,4030.625,-0.0390625,-0.0703125,0.953125
6450,4031.25,-0.0546875,-0.0625,1.0078125
6451,4031.875,-0.0546875,-0.0703125,0.96875
6452,4032.5,0.0,-0.0859375,1.0
6453,4033.125,-0.03125,-0.0625,0.9921875
6454,4033.75,0.0,-0.0625,1.0078125
6455,4034.375,0.015625,-0.0625,1.0078125
6456,4035.0,0.0,-0.0546875,1.03125
6457,4035.625,0.0,-0.0234375,1.0390625
6458,4036.25,0.015625,-0.140625,0.8984375
6459,4036.875,0.0390625,0.0,1.09375
6460,4037.5,0.0,-0.1015625,0.875
6461,4038.125,-0.015625,0.015625,1.1015625
6462,4038.75,0.046875,-0.0859375,1.0234375
6463,4039.375,-0.0234375,-0.0703125,1.046875
6464,4040.0,0.015625,-0.0546875,0.9375
6465,4040.625,0.0,-0.1171875,0.9375
6466,4041.25,0.0,-0.1328125,0.9296875
6467,4041.875,-0.046875,-0.09375,0.890625
6468,4042.5,-0.0390625,0.0,1.0
6469,4043.125,-0.03125,-0.0859375,0.96875
6470,4043.75,0.0,-0.03125,1.0
6471,4044.375,0.015625,-0.0625,0.9453125
6472,4045.0,0.0,0.0,1.015625
6473,4045.625,0.0,-0.078125,0.96875
6474,4046.25,-0.0234375,0.0,1.03125
6475,4046.875,0.0,-0.078125,0.953125
6476,4047.5,-0.0234375,-0.03125,1.078125
6477,4048.125,-0.03125,-0.109375,0.9140625
6478,4048.75,0.0234375,-0.078125,1.046875
6479,4049.375,0.0234375,-0.125,0.8984375
6480,4050.0,0.0,-0.046875,1.046875
6481,4050.625,0.0,-0.078125,0.9609375
6482,4051.25,0.0,-0.015625,1.015625
6483,4051.875,0.0078125,-0.0625,0.9921875
6484,4052.5,0.0,-0.0390625,1.0
6485,4053.125,0.015625,-0.0625,1.0
6486,4053.75,0.0,-0.0625,1.0
6487,4054.375,-0.015625,-0.046875,0.9921875
6488,4055.0,0.0,-0.0859375,0.984375
6489,4055.625,0.0,-0.078125,1.046875
6490,4056.25,0.0,-0.0703125,0.9140625
6491,4056.875,0.0,-0.0546875,1.0859375
6492,4057.5,0.0,-0.109375,0.9296875
6493,4058.125,-0.03125,0.0,1.1171875
6494,4058.75,-0.03125,-0.03125,1.046875
6495,4059.375,0.0078125,-0.0703125,0.984375
6496,4060.0,0.0,-0.0546875,1.0078125
6497,4060.625,0.0,-0.078125,0.9765625
6498,4061.25,0.0,-0.09375,0.984375
6499,4061.875,0.0078125,-0.046875,1.046875
6500,4062.5,0.0,-0.03125,0.9453125
6501,4063.125,-0.03125,-0.0859375,1.0546875
6502,4063.75,-0.03125,-0.078125,0.9375
6503,4064.375,-0.046875,-0.03125,1.1015625
6504,4065.0,-0.03125,-0.0625,0.96875
6505,4065.625,0.0,-0.078125,1.0
6506,4066.25,0.0,-0.0703125,0.984375
6507,4066.875,-0.03125,-0.0078125,1.0
6508,4067.5,0.0,-0.078125,0.984375
6509,4068.125,-0.046875,-0.0625,1.046875
6510,4068.75,-0.03125,-0.0703125,0.9609375
6511,4069.375,-0.0234375,-0.0625,0.9765625
6512,4070.0,-0.03125,-0.0625,1.0
6513,4070.625,-0.0234375,-0.0703125,0.96875
6514,4071.25,-0.0234375,-0.078125,0.984375
6515,4071.875,0.0,-0.0859375,1.0
6516,4072.5,-0.0390625,-0.078125,1.0
6517,4073.125,-0.03125,-0.046875,0.9921875
6518,4073.75,-0.0390625,-0.0390625,1.0390625
6519,4074.375,-0.109375,-0.0625,1.0546875
6520,4075.0,-0.1484375,-0.0234375,0.9921875
6521,4075.625,-0.140625,-0.125,0.9140625
6522,4076.25,-0.1015625,-0.03125,0.96875
6523,4076.875,-0.125,-0.1171875,0.8984375
6524,4077.5,0.0,-0.0859375,1.0
6525,4078.125,0.0,-0.1171875,0.921875
6526,4078.75,0.0078125,-0.0703125,1.0078125
6527,4079.375,0.03125,-0.0625,1.0
6528,4080.0,0.0546875,-0.046875,1.0546875
6529,4080.625,0.0,-0.0625,1.0078125
6530,4081.25,-0.0234375,-0.03125,1.046875
6531,4081.875,-0.046875,-0.0625,1.046875
6532,4082.5,0.0859375,0.0,0.9375
6533,4083.125,-0.09375,-0.0234375,1.140625
6534,4083.75,-0.03125,-0.1015625,0.9296875
6535,4084.375,-0.1015625,0.0,1.0390625
6536,4085.0,-0.109375,-0.0546875,0.90625
6537,4085.625,-0.15625,-0.0546875,1.0
6538,4086.25,-0.1015625,-0.09375,0.921875
6539,4086.875,-0.109375,-0.078125,1.015625
6540,4087.5,-0.09375,-0.09375,0.953125
6541,4088.125,-0.09375,-0.078125,1.0234375
6542,4088.75,-0.0234375,-0.1015625,0.96875
6543,4089.375,-0.0234375,-0.078125,0.96875
6544,4090.0,-0.03125,-0.0546875,1.0
6545,4090.625,-0.03125,-0.078125,0.9453125
6546,4091.25,-0.0390625,-0.0625,0.9921875
6547,4091.875,-0.046875,-0.0703125,0.9921875
6548,4092.5,-0.0703125,-0.046875,1.0
6549,4093.125,-0.0546875,-0.0546875,1.0078125
6550,4093.75,-0.03125,-0.0234375,1.0234375
6551,4094.375,-0.125,-0.046875,1.015625
6552,4095.0,-0.0625,-0.0390625,1.0078125
6553,4095.625,-0.03125,-0.0703125,1.0
6554,4096.25,-0.0625,0.0,1.0
6555,4096.875,-0.0625,-0.0625,1.0
6556,4097.5,-0.0703125,0.0,1.0234375
6557,4098.125,-0.0234375,-0.0546875,0.96875
6558,4098.75,-0.0859375,-0.0234375,1.0546875
6559,4099.375,-0.0546875,-0.0625,0.921875
6560,4100.0,-0.0390625,-0.0390625,1.015625
6561,4100.625,-0.0703125,-0.0859375,1.0078125
6562,4101.25,-0.09375,-0.0546875,1.0
6563,4101.875,-0.046875,-0.0546875,1.0
6564,4102.5,-0.078125,-0.0703125,0.9453125
6565,4103.125,-0.0625,-0.0625,1.0
6566,4103.75,-0.0546875,-0.1015625,0.9375
6567,4104.375,-0.078125,-0.03125,1.015625
6568,4105.0,-0.078125,-0.0625,0.9609375
6569,4105.625,-0.0859375,0.0,1.0390625
6570,4106.25,-0.0546875,-0.0703125,0.9765625
6571,4106.875,-0.09375,0.0,1.0703125
6572,4107.5,-0.0625,-0.0546875,1.0
6573,4108.125,-0.0625,0.0,1.0625
6574,4108.75,-0.0625,-0.0390625,0.984375
6575,4109.375,-0.0703125,-0.0390625,1.0234375
6576,4110.0,-0.0546875,-0.078125,0.96875
6577,4110.625,-0.078125,-0.0546875,1.0
6578,4111.25,-0.0703125,-0.0703125,0.96875
6579,4111.875,-0.0625,0.0,1.0
6580,4112.5,-0.078125,-0.046875,1.0078125
6581,4113.125,-0.046875,-0.0234375,1.03125
6582,4113.75,-0.109375,-0.0546875,0.9375
6583,4114.375,-0.0390625,-0.0234375,0.9921875
6584,4115.0,-0.0859375,-0.0859375,0.921875
6585,4115.625,-0.0625,-0.046875,0.96875
6586,4116.25,-0.1015625,-0.1015625,0.84375
6587,4116.875,-0.1171875,0.0,1.0078125
6588,4117.5,-0.078125,-0.0625,0.921875
6589,4118.125,-0.0859375,0.03125,1.09375
6590,4118.75,-0.125,-0.0546875,0.96875
6591,4119.375,-0.0859375,-0.03125,1.078125
6592,4120.0,-0.0390625,-0.078125,0.9453125
6593,4120.625,-0.078125,0.0,1.046875
6594,4121.25,-0.0546875,-0.0625,0.9296875
6595,4121.875,-0.0546875,0.0,1.0546875
6596,4122.5,-0.0390625,-0.0546875,0.9296875
6597,4123.125,-0.0625,0.0,1.03125
6598,4123.75,-0.0390625,-0.0625,0.9296875
6599,4124.375,-0.046875,0.0,1.0390625
6600,4125.0,-0.03125,-0.0625,0.9921875
6601,4125.625,-0.03125,0.0,1.0546875
6602,4126.25,-0.0625,-0.046875,0.984375
6603,4126.875,-0.0546875,-0.046875,1.0390625
6604,4127.5,-0.0390625,-0.03125,0.984375
6605,4128.125,-0.0390625,-0.0234375,1.015625
6606,4128.75,-0.09375,-0.0703125,0.9609375
6607,4129.375,-0.1015625,-0.0234375,0.9921875
6608,4130.0,-0.0390625,-0.0703125,0.9453125
6609,4130.625,-0.0546875,-0.0703125,0.984375
6610,4131.25,-0.0625,-0.0625,0.9765625
6611,4131.875,-0.03125,-0.0546875,0.96875
6612,4132.5,-0.03125,-0.0390625,0.9921875
6613,4133.125,-0.0703125,-0.0390625,1.0234375
6614,4133.75,-0.015625,-0.0625,0.9453125
6615,4134.375,-0.0390625,-0.0546875,1.0234375
6616,4135.0,0.0,-0.078125,0.9140625
6617,4135.625,-0.03125,-0.0234375,1.0546875
6618,4136.25,0.0,-0.0625,0.9765625
6619,4136.875,-0.03125,-0.0390625,1.03125
6620,4137.5,-0.0625,-0.03125,1.0
6621,4138.125,-0.0625,-0.0546875,0.96875
6622,4138.75,-0.046875,-0.03125,1.0078125
6623,4139.375,-0.0625,-0.0546875,0.9765625
6624,4140.0,-0.0625,0.0,0.984375
6625,4140.625,-0.046875,-0.046875,0.953125
6626,4141.25,-0.0703125,-0.0546875,1.0
6627,4141.875,-0.03125,-0.03125,1.0
6628,4142.5,-0.0546875,-0.0390625,0.9765625
6629,4143.125,-0.03125,-0.0234375,1.015625
6630,4143.75,-0.0625,-0.0390625,0.9453125
6631,4144.375,-0.03125,0.0,1.046875
6632,4145.0,-0.078125,0.0,1.0390625
6633,4145.625,-0.03125,-0.0859375,0.921875
6634,4146.25,-0.0546875,-0.03125,1.0
6635,4146.875,-0.0234375,-0.09375,0.8984375
6636,4147.5,0.0,-0.0234375,1.0
6637,4148.125,-0.03125,-0.046875,0.96875
6638,4148.75,-0.046875,-0.03125,1.0234375
6639,4149.375,0.0,-0.0234375,1.046875
6640,4150.0,-0.03125,-0.0390625,1.0234375
6641,4150.625,-0.046875,-0.015625,1.0
6642,4151.25,-0.015625,-0.0625,0.9921875
6643,4151.875,-0.0390625,-0.0390625,0.9921875
6644,4152.5,-0.0390625,-0.0625,0.984375
6645,4153.125,-0.0390625,-0.03125,1.0078125
6646,4153.75,-0.03125,-0.046875,0.984375
6647,4154.375,-0.03125,-0.03125,1.015625
6648,4155.0,0.015625,-0.03125,1.0
6649,4155.625,-0.0390625,-0.078125,0.96875
6650,4156.25,-0.046875,-0.046875,0.9453125
6651,4156.875,-0.015625,-0.0625,0.9609375
6652,4157.5,-0.03125,-0.046875,1.015625
6653,4158.125,-0.0390625,-0.0859375,0.8984375
6654,4158.75,-0.078125,-0.0390625,1.0546875
6655,4159.375,0.0,-0.0703125,0.921875
6656,4160.0,-0.0546875,0.0,1.03125
6657,4160.625,-0.0703125,-0.0234375,0.9765625
6658,4161.25,-0.0546875,-0.015625,1.0390625
6659,4161.875,-0.0390625,-0.0390625,1.0
6660,4162.5,-0.0703125,-0.015625,1.0625
6661,4163.125,-0.0234375,-0.0390625,0.953125
6662,4163.75,-0.03125,-0.046875,1.015625
6663,4164.375,-0.03125,-0.046875,1.0
6664,4165.0,-0.015625,-0.0625,1.0
6665,4165.625,-0.015625,-0.0390625,1.0
6666,4166.25,-0.046875,-0.03125,1.0
6667,4166.875,-0.0390625,-0.0546875,1.0
6668,4167.5,0.0,-0.0390625,0.9921875
6669,4168.125,-0.03125,-0.03125,1.0234375
6670,4168.75,-0.03125,-0.0546875,0.9765625
6671,4169.375,-0.0234375,-0.0234375,1.0703125
6672,4170.0,-0.0234375,-0.0390625,0.9609375
6673,4170.625,-0.0390625,-0.046875,1.015625
6674,4171.25,-0.0234375,-0.0625,1.0
6675,4171.875,-0.015625,-0.0546875,1.0
6676,4172.5,-0.0234375,-0.03125,1.0
6677,4173.125,-0.0390625,-0.0234375,0.9921875
6678,4173.75,0.0,-0.0625,0.9765625
6679,4174.375,-0.0234375,-0.0390625,0.9765625
6680,4175.0,-0.0390625,0.0,1.0234375
6681,4175.625,-0.0390625,-0.0546875,0.953125
6682,4176.25,-0.0390625,-0.03125,1.0390625
6683,4176.875,-0.03125,-0.0234375,1.0
6684,4177.5,-0.03125,-0.0390625,1.015625
6685,4178.125,0.0,-0.0390625,1.0078125
6686,4178.75,-0.015625,-0.0625,1.0
6687,4179.375,-0.03125,0.0,1.0390625
6688,4180.0,-0.0390625,-0.0234375,0.9765625
6689,4180.625,-0.0390625,-0.046875,1.0
6690,4181.25,-0.0390625,-0.0625,1.0
6691,4181.875,-0.03125,-0.0546875,0.984375
6692,4182.5,-0.0390625,-0.0546875,1.0
6693,4183.125,-0.015625,-0.0625,0.9921875
6694,4183.75,-0.03125,-0.046875,1.015625
6695,4184.375,0.0,-0.0703125,0.96875
6696,4185.0,-0.0234375,-0.015625,1.0234375
6697,4185.625,-0.046875,-0.0625,0.96875
6698,4186.25,-0.0625,-0.0390625,1.015625
6699,4186.875,-0.0390625,-0.0625,0.9765625
6700,4187.5,-0.0546875,-0.0234375,1.0
6701,4188.125,-0.046875,-0.0234375,1.0546875
6702,4188.75,-0.03125,-0.0546875,0.96875
6703,4189.375,-0.0546875,0.0,1.046875
6704,4190.0,-0.03125,-0.0390625,1.0
6705,4190.625,-0.015625,-0.0703125,0.96875
6706,4191.25,-0.03125,-0.0390625,1.046875
6707,4191.875,-0.0390625,-0.078125,0.953125
6708,4192.5,-0.03125,-0.0234375,1.03125
6709,4193.125,-0.0234375,-0.0703125,0.96875
6710,4193.75,-0.046875,-0.03125,0.9921875
6711,4194.375,0.0,-0.078125,0.9609375
6712,4195.0,-0.046875,-0.03125,1.0078125
6713,4195.625,-0.0625,-0.0234375,1.0
6714,4196.25,-0.0546875,-0.0234375,1.0078125
6715,4196.875,-0.0390625,-0.0390625,1.015625
6716,4197.5,-0.0390625,-0.046875,1.0
6717,4198.125,-0.0390625,-0.03125,1.0078125
6718,4198.75,-0.03125,-0.0546875,0.984375
6719,4199.375,-0.0625,-0.046875,0.984375
6720,4200.0,-0.0390625,-0.0390625,1.0
6721,4200.625,-0.015625,-0.0625,1.0
6722,4201.25,-0.03125,-0.0390625,0.984375
6723,4201.875,-0.0234375,-0.0390625,1.0
6724,4202.5,-0.015625,-0.0625,0.9375
6725,4203.125,-0.03125,-0.03125,1.0
6726,4203.75,-0.0390625,-0.0390625,0.96875
6727,4204.375,0.0,-0.03125,1.015625
6728,4205.0,-0.03125,-0.046875,0.9921875
6729,4205.625,-0.046875,-0.03125,1.0
6730,4206.25,-0.03125,-0.03125,0.984375
6731,4206.875,-0.015625,-0.0703125,1.0
6732,4207.5,-0.0390625,-0.046875,1.0
6733,4208.125,-0.0390625,-0.0390625,1.0
6734,4208.75,-0.0390625,-0.0390625,1.0078125
6735,4209.375,-0.046875,-0.0390625,1.0
6736,4210.0,-0.0625,-0.0390625,1.0
6737,4210.625,0.0,-0.0234375,1.0
6738,4211.25,-0.0390625,-0.03125,1.03125
6739,4211.875,-0.0546875,-0.015625,0.9921875
6740,4212.5,-0.0234375,-0.0390625,1.0234375
6741,4213.125,-0.015625,-0.0625,0.96875
6742,4213.75,0.0,-0.03125,1.046875
6743,4214.375,-0.0234375,-0.0625,0.9921875
6744,4215.0,-0.03125,-0.0234375,1.0234375
6745,4215.625,-0.0078125,-0.046875,1.0
6746,4216.25,-0.0390625,-0.015625,1.0234375
6747,4216.875,-0.03125,-0.0703125,0.96875
6748,4217.5,-0.03125,-0.0546875,0.9453125
6749,4218.125,-0.015625,-0.0390625,1.0
6750,4218.75,-0.03125,-0.0703125,0.9765625
6751,4219.375,-0.015625,-0.015625,1.0390625
6752,4220.0,-0.0390625,-0.015625,0.9921875
6753,4220.625,-0.0546875,-0.0546875,1.0
6754,4221.25,-0.046875,-0.0234375,1.0390625
6755,4221.875,-0.015625,-0.0390625,0.9921875
6756,4222.5,-0.0625,0.0,1.0390625
6757,4223.125,-0.03125,-0.0546875,0.96875
6758,4223.75,-0.03125,-0.0390625,1.0
6759,4224.375,-0.015625,0.0,1.0234375
6760,4225.0,-0.03125,-0.0234375,0.984375
6761,4225.625,-0.0234375,-0.03125,1.0
6762,4226.25,-0.0234375,-0.0546875,0.953125
6763,4226.875,-0.0390625,-0.0390625,1.03125
6764,4227.5,-0.0234375,-0.0625,0.9921875
6765,4228.125,-0.03125,-0.03125,1.0078125
6766,4228.75,-0.0546875,-0.0390625,1.0
6767,4229.375,-0.03125,-0.046875,1.0234375
6768,4230.0,-0.0390625,-0.078125,0.9765625
6769,4230.625,-0.0390625,-0.03125,1.0234375
6770,4231.25,-0.0390625,-0.0390625,1.015625
6771,4231.875,-0.03125,-0.0703125,1.0078125
6772,4232.5,-0.03125,-0.046875,1.046875
6773,4233.125,-0.015625,-0.0546875,0.9921875
6774,4233.75,-0.0390625,-0.0234375,1.0
6775,4234.375,-0.0390625,-0.0390625,0.9765625
6776,4235.0,-0.03125,-0.0390625,1.0
6777,4235.625,0.0,-0.046875,1.0
6778,4236.25,-0.03125,-0.0625,1.0
6779,4236.875,-0.03125,-0.0390625,0.984375
6780,4237.5,0.0,-0.0859375,0.9921875
6781,4238.125,-0.015625,-0.0625,0.984375
6782,4238.75,-0.046875,-0.0546875,0.984375
6783,4239.375,0.0,-0.0703125,0.984375
6784,4240.0,-0.0234375,-0.0625,1.015625
6785,4240.625,-0.03125,-0.046875,1.0
6786,4241.25,0.0,-0.0703125,1.0
6787,4241.875,-0.03125,-0.0390625,1.0
6788,4242.5,-0.03125,-0.078125,0.9453125
6789,4243.125,-0.046875,0.0,1.0
6790,4243.75,-0.0234375,-0.0703125,0.984375
6791,4244.375,-0.0390625,-0.03125,1.0
6792,4245.0,-0.03125,-0.0546875,0.96875
6793,4245.625,-0.015625,-0.0703125,1.0
6794,4246.25,-0.015625,-0.046875,0.96875
6795,4246.875,-0.0234375,-0.0703125,0.984375
6796,4247.5,-0.03125,-0.0390625,1.0078125
6797,4248.125,0.0,-0.0546875,0.9921875
6798,4248.75,-0.0234375,-0.0625,1.0
6799,4249.375,-0.03125,-0.0546875,0.9921875
6800,4250.0,0.0,-0.0703125,1.0
6801,4250.625,0.0,-0.078125,1.0
6802,4251.25,-0.046875,-0.046875,1.015625
6803,4251.875,-0.0390625,-0.046875,0.96875
6804,4252.5,-0.046875,-0.046875,0.96875
6805,4253.125,-0.015625,-0.0625,1.0
6806,4253.75,-0.015625,-0.0546875,0.984375
6807,4254.375,-0.046875,-0.0546875,1.0
6808,4255.0,-0.0234375,-0.0546875,0.9921875
6809,4255.625,0.0,-0.0625,0.96875
6810,4256.25,-0.015625,-0.0546875,1.03125
6811,4256.875,0.0,-0.0546875,0.96875
6812,4257.5,-0.015625,-0.0546875,1.0078125
6813,4258.125,-0.0390625,0.0,1.0078125
6814,4258.75,-0.0390625,-0.0625,0.9921875
6815,4259.375,-0.03125,-0.0546875,1.0
6816,4260.0,-0.03125,-0.046875,0.984375
6817,4260.625,-0.0390625,-0.0546875,0.9765625
6818,4261.25,-0.0625,-0.0390625,1.0
6819,4261.875,-0.0390625,-0.0625,0.9921875
6820,4262.5,-0.0546875,-0.0625,0.984375
6821,4263.125,-0.03125,-0.0625,1.0078125
6822,4263.75,-0.015625,-0.046875,0.96875
6823,4264.375,-0.0390625,-0.03125,0.9765625
6824,4265.0,-0.0390625,-0.046875,0.9921875
6825,4265.625,-0.0234375,-0.0625,0.984375
6826,4266.25,-0.0234375,-0.0703125,1.0078125
6827,4266.875,-0.0234375,-0.0546875,1.0
6828,4267.5,-0.03125,-0.0546875,0.9609375
6829,4268.125,-0.046875,-0.0546875,1.0
6830,4268.75,-0.03125,-0.0546875,1.0
6831,4269.375,0.0,-0.0546875,0.9765625
6832,4270.0,-0.0390625,-0.046875,0.9921875
6833,4270.625,-0.0390625,-0.0625,1.0
6834,4271.25,-0.03125,-0.046875,0.9765625
6835,4271.875,-0.046875,-0.046875,0.9921875
6836,4272.5,-0.046875,-0.03125,0.9921875
6837,4273.125,-0.046875,-0.046875,1.0
6838,4273.75,-0.0546875,-0.0546875,1.0078125
6839,4274.375,-0.0546875,-0.0390625,1.0
6840,4275.0,-0.0703125,-0.015625,1.0078125
6841,4275.625,-0.0546875,-0.0390625,1.0
6842,4276.25,-0.0546875,-0.03125,0.9921875
6843,4276.875,-0.046875,-0.0546875,1.0
6844,4277.5,-0.03125,-0.0625,1.0
6845,4278.125,-0.0234375,-0.0546875,1.0
6846,4278.75,-0.0390625,-0.046875,1.0
6847,4279.375,-0.046875,-0.03125,1.0
6848,4280.0,-0.0546875,-0.03125,0.9921875
6849,4280.625,-0.0390625,-0.03125,1.0
6850,4281.25,-0.0390625,-0.0390625,1.0
6851,4281.875,-0.046875,-0.03125,1.0078125
6852,4282.5,-0.046875,-0.03125,1.0
6853,4283.125,-0.0390625,-0.0546875,1.0
6854,4283.75,-0.0546875,-0.0234375,1.0
6855,4284.375,-0.0625,-0.03125,1.0
6856,4285.0,-0.0625,-0.0234375,1.0
6857,4285.625,-0.046875,-0.0390625,0.9921875
6858,4286.25,-0.0625,-0.0234375,1.0
6859,4286.875,-0.046875,-0.046875,1.0
6860,4287.5,-0.046875,-0.0625,1.0
6861,4288.125,-0.046875,-0.03125,1.0
6862,4288.75,-0.03125,-0.03125,1.0078125
6863,4289.375,-0.0625,-0.03125,1.015625
6864,4290.0,-0.046875,-0.0234375,1.0078125
6865,4290.625,-0.046875,-0.03125,1.0078125
6866,4291.25,-0.0546875,-0.0390625,1.0078125
6867,4291.875,-0.03125,-0.0390625,1.015625
6868,4292.5,-0.0625,-0.0234375,1.0
6869,4293.125,-0.046875,-0.03125,1.0078125
6870,4293.75,-0.0625,-0.03125,1.0234375
6871,4294.375,-0.0625,-0.046875,1.0
6872,4295.0,-0.0546875,-0.03125,1.0
6873,4295.625,-0.046875,-0.0390625,1.0
6874,4296.25,-0.078125,-0.03125,1.0078125
6875,4296.875,-0.0390625,-0.0546875,1.0
6876,4297.5,-0.0546875,-0.03125,1.0078125
6877,4298.125,-0.0625,-0.03125,1.0
6878,4298.75,-0.0390625,-0.03125,0.9921875
6879,4299.375,-0.0390625,-0.0390625,1.0
6880,4300.0,-0.03125,-0.0390625,1.015625
6881,4300.625,-0.0546875,-0.0390625,1.0
6882,4301.25,-0.046875,-0.0234375,1.0
6883,4301.875,-0.0703125,-0.03125,1.0
6884,4302.5,-0.046875,-0.03125,1.0078125
6885,4303.125,-0.0546875,-0.03125,1.0
6886,4303.75,-0.0625,-0.03125,1.0078125
6887,4304.375,-0.0625,-0.0234375,1.0
6888,4305.0,-0.046875,-0.03125,1.0078125
6889,4305.625,-0.0546875,-0.0234375,1.0078125
6890,4306.25,-0.046875,-0.0390625,1.0
6891,4306.875,-0.0546875,-0.03125,0.9921875
6892,4307.5,-0.046875,-0.0234375,1.0078125
6893,4308.125,-0.0546875,-0.03125,1.0
6894,4308.75,-0.03125,-0.03125,0.9921875
6895,4309.375,-0.0625,-0.0234375,1.0
6896,4310.0,-0.03125,-0.0390625,1.0
6897,4310.625,-0.046875,-0.046875,0.9765625
6898,4311.25,-0.03125,-0.0546875,1.0
6899,4311.875,-0.0546875,-0.0234375,1.0
6900,4312.5,-0.0390625,-0.046875,0.9921875
6901,4313.125,-0.046875,-0.0546875,1.0
6902,4313.75,-0.0390625,-0.046875,1.0
6903,4314.375,-0.0546875,-0.046875,0.984375
6904,4315.0,-0.0546875,-0.0390625,0.9921875
6905,4315.625,-0.015625,-0.0703125,0.9921875
6906,4316.25,0.0,-0.1640625,0.96875
6907,4316.875,-0.0078125,-0.0859375,1.0
6908,4317.5,-0.046875,-0.0703125,0.9921875
6909,4318.125,-0.0546875,-0.046875,1.0
6910,4318.75,-0.03125,-0.0546875,1.0
6911,4319.375,-0.0625,-0.046875,0.984375
6912,4320.0,-0.0546875,-0.03125,1.0
6913,4320.625,-0.0625,-0.03125,0.9765625
6914,4321.25,-0.0390625,-0.0625,0.9765625
6915,4321.875,-0.0703125,-0.046875,1.0
6916,4322.5,-0.046875,-0.046875,0.9921875
6917,4323.125,-0.046875,-0.046875,1.0
6918,4323.75,-0.046875,-0.0546875,1.015625
6919,4324.375,-0.046875,-0.0390625,1.015625
6920,4325.0,-0.046875,-0.03125,1.0078125
6921,4325.625,-0.0390625,-0.0390625,1.0
6922,4326.25,-0.0390625,-0.03125,1.0
6923,4326.875,-0.0546875,-0.03125,1.0
6924,4327.5,-0.046875,-0.03125,1.0078125
6925,4328.125,-0.0625,0.0,1.0
6926,4328.75,-0.03125,-0.046875,1.0
6927,4329.375,-0.046875,-0.0546875,1.0
6928,4330.0,-0.0234375,-0.0390625,1.0
6929,4330.625,-0.0390625,-0.0390625,1.0
6930,4331.25,-0.015625,-0.03125,0.984375
6931,4331.875,-0.0390625,-0.046875,1.0
6932,4332.5,0.0,-0.0390625,1.0
6933,4333.125,0.0,-0.0390625,1.0
6934,4333.75,-0.0390625,-0.03125,0.984375
6935,4334.375,-0.0234375,-0.0390625,1.0078125
6936,4335.0,-0.03125,-0.046875,0.9921875
6937,4335.625,-0.046875,-0.0390625,0.984375
6938,4336.25,-0.0625,-0.0546875,0.984375
6939,4336.875,-0.046875,-0.0390625,0.9765625
6940,4337.5,-0.03125,-0.0546875,0.9921875
6941,4338.125,-0.046875,-0.0625,0.9921875
6942,4338.75,-0.0390625,-0.046875,1.0
6943,4339.375,-0.0234375,-0.0625,0.9921875
6944,4340.0,-0.03125,-0.03125,1.0
6945,4340.625,-0.03125,-0.03125,1.0
6946,4341.25,-0.0078125,-0.0390625,0.9921875
6947,4341.875,-0.03125,-0.0390625,0.984375
6948,4342.5,-0.03125,-0.046875,1.0
6949,4343.125,-0.0234375,-0.046875,1.0
6950,4343.75,0.0,-0.046875,1.0078125
6951,4344.375,-0.015625,-0.0546875,1.0
6952,4345.0,0.0,-0.0390625,1.015625
6953,4345.625,-0.015625,-0.0390625,1.0
6954,4346.25,0.0,-0.046875,1.0
6955,4346.875,0.0,-0.03125,0.9921875
6956,4347.5,-0.015625,-0.03125,0.9765625
6957,4348.125,-0.0390625,-0.0234375,1.0
6958,4348.75,-0.03125,-0.03125,1.0
6959,4349.375,-0.015625,-0.046875,1.0
6960,4350.0,-0.015625,-0.03125,0.9921875
6961,4350.625,-0.03125,-0.0546875,1.0
6962,4351.25,-0.03125,-0.0390625,1.0
6963,4351.875,-0.03125,-0.046875,1.0
6964,4352.5,-0.015625,-0.0390625,1.0
6965,4353.125,-0.0234375,-0.046875,1.0
6966,4353.75,-0.03125,-0.0546875,1.0
6967,4354.375,-0.0390625,-0.0390625,0.9765625
6968,4355.0,-0.0390625,-0.0390625,1.0
6969,4355.625,-0.0390625,-0.0390625,0.984375
6970,4356.25,-0.03125,-0.03125,1.0078125
6971,4356.875,-0.03125,-0.0390625,1.0
6972,4357.5,-0.0390625,-0.046875,1.0
6973,4358.125,-0.03125,-0.0546875,1.0078125
6974,4358.75,-0.03125,-0.0390625,1.0
6975,4359.375,-0.0390625,-0.0390625,1.0
6976,4360.0,-0.0234375,-0.0703125,1.0
6977,4360.625,-0.0234375,-0.046875,1.0
6978,4361.25,-0.03125,-0.0546875,1.0
6979,4361.875,-0.03125,-0.0546875,1.0
6980,4362.5,0.0,-0.0625,0.9921875
6981,4363.125,-0.03125,-0.0390625,1.0
6982,4363.75,-0.0390625,-0.03125,1.0
6983,4364.375,-0.0390625,-0.0625,0.9765625
6984,4365.0,-0.0234375,-0.0546875,1.0
6985,4365.625,-0.015625,-0.0625,1.0
6986,4366.25,0.0,-0.0546875,0.984375
6987,4366.875,-0.0234375,-0.0703125,0.9921875
6988,4367.5,-0.015625,-0.0546875,0.9921875
6989,4368.125,-0.0234375,-0.078125,1.0
6990,4368.75,-0.0234375,-0.0546875,1.0
6991,4369.375,-0.0390625,-0.0390625,0.9921875
6992,4370.0,-0.015625,-0.0625,1.0078125
6993,4370.625,0.0,-0.0703125,1.0
6994,4371.25,-0.015625,-0.0703125,0.9921875
6995,4371.875,-0.0234375,-0.0703125,1.0
6996,4372.5,-0.03125,-0.0625,0.9765625
6997,4373.125,-0.03125,-0.0625,0.984375
6998,4373.75,0.0,-0.0390625,1.0
6999,4374.375,-0.0390625,-0.046875,1.0
7000,4375.0,-0.03125,-0.0625,1.0
7001,4375.625,-0.0390625,-0.0390625,1.03125
7002,4376.25,-0.03125,-0.0234375,1.0
7003,4376.875,-0.0546875,0.0,1.015625
7004,4377.5,-0.0390625,0.0,1.0078125
7005,4378.125,-0.046875,-0.015625,1.0
7006,4378.75,-0.0390625,-0.0234375,1.0390625
7007,4379.375,-0.03125,-0.03125,0.984375
7008,4380.0,-0.0546875,-0.0390625,1.0078125
7009,4380.625,-0.015625,-0.0546875,1.0
7010,4381.25,-0.03125,-0.0390625,1.0
7011,4381.875,0.0,-0.0390625,1.0078125
7012,4382.5,0.0,-0.0625,1.03125
7013,4383.125,-0.0234375,-0.0546875,1.0078125
7014,4383.75,-0.0234375,-0.0703125,1.0
7015,4384.375,0.0,-0.0859375,1.0
7016,4385.0,-0.015625,-0.09375,1.0
7017,4385.625,-0.03125,-0.0625,0.984375
7018,4386.25,0.0,-0.078125,0.9921875
7019,4386.875,-0.0234375,-0.078125,1.0078125
7020,4387.5,-0.015625,-0.078125,1.0
7021,4388.125,0.0,-0.0703125,0.9921875
7022,4388.75,-0.015625,-0.0859375,0.9765625
7023,4389.375,-0.046875,-0.0703125,1.0078125
7024,4390.0,-0.0234375,-0.078125,0.9921875
7025,4390.625,-0.046875,-0.0625,0.9921875
7026,4391.25,-0.03125,-0.046875,0.9765625
7027,4391.875,-0.03125,-0.046875,0.9765625
7028,4392.5,-0.03125,-0.046875,0.9765625
7029,4393.125,-0.0234375,-0.046875,0.9921875
7030,4393.75,-0.03125,-0.0390625,1.0
7031,4394.375,-0.0390625,-0.0546875,0.984375
7032,4395.0,-0.0625,-0.015625,0.9921875
7033,4395.625,-0.0703125,-0.03125,0.9609375
7034,4396.25,-0.0703125,-0.015625,0.9921875
7035,4396.875,-0.046875,-0.0234375,0.9765625
7036,4397.5,-0.046875,-0.03125,0.984375
7037,4398.125,-0.03125,-0.0625,1.0
7038,4398.75,-0.0625,-0.015625,1.0
7039,4399.375,-0.0390625,-0.0390625,0.9921875
7040,4400.0,-0.046875,-0.03125,1.0078125
7041,4400.625,-0.0625,-0.03125,0.9921875
7042,4401.25,-0.0546875,0.0,0.9921875
7043,4401.875,-0.0625,-0.0234375,0.9609375
7044,4402.5,-0.0546875,-0.0234375,1.0
7045,4403.125,-0.03125,-0.046875,1.0
7046,4403.75,-0.0390625,-0.046875,1.0
7047,4404.375,-0.03125,-0.0390625,1.0
7048,4405.0,-0.0390625,-0.03125,1.0
7049,4405.625,-0.0390625,-0.0234375,0.9921875
7050,4406.25,-0.03125,-0.0390625,0.9921875
7051,4406.875,-0.03125,-0.046875,1.0
7052,4407.5,-0.046875,-0.0390625,0.9921875
7053,4408.125,-0.03125,-0.046875,1.0
7054,4408.75,-0.0390625,-0.0390625,0.9765625
7055,4409.375,-0.0703125,0.0,0.96875
7056,4410.0,-0.046875,-0.0390625,0.96875
7057,4410.625,-0.0078125,-0.0546875,1.0
7058,4411.25,-0.03125,-0.0234375,1.0
7059,4411.875,-0.046875,-0.0234375,0.984375
7060,4412.5,-0.046875,-0.03125,0.9609375
7061,4413.125,-0.03125,-0.015625,0.984375
7062,4413.75,-0.0390625,-0.03125,0.984375
7063,4414.375,-0.03125,-0.046875,0.984375
7064,4415.0,-0.0546875,-0.03125,0.9765625
7065,4415.625,-0.0234375,-0.0703125,0.984375
7066,4416.25,-0.046875,-0.03125,1.0078125
7067,4416.875,-0.0546875,-0.03125,1.0
7068,4417.5,-0.046875,-0.03125,1.0078125
7069,4418.125,-0.0546875,-0.0390625,0.9609375
7070,4418.75,-0.0390625,-0.03125,0.984375
7071,4419.375,-0.046875,-0.0390625,0.9765625
7072,4420.0,-0.0546875,-0.0234375,0.9765625
7073,4420.625,-0.0390625,-0.03125,0.9921875
7074,4421.25,-0.03125,-0.0546875,0.984375
7075,4421.875,-0.0390625,-0.046875,0.9921875
7076,4422.5,-0.0390625,-0.015625,1.0
7077,4423.125,-0.03125,-0.046875,1.0
7078,4423.75,-0.0390625,-0.046875,1.0
7079,4424.375,-0.03125,-0.046875,1.0
7080,4425.0,-0.046875,-0.015625,1.0
7081,4425.625,-0.03125,-0.0390625,0.984375
7082,4426.25,-0.015625,-0.0234375,0.9921875
7083,4426.875,-0.0390625,-0.03125,0.9921875
7084,4427.5,-0.03125,-0.03125,0.984375
7085,4428.125,-0.015625,-0.0390625,1.0
7086,4428.75,-0.046875,-0.0234375,1.0
7087,4429.375,-0.046875,-0.0390625,0.9921875
7088,4430.0,-0.046875,-0.0390625,1.0
7089,4430.625,-0.0703125,-0.0234375,1.0
7090,4431.25,-0.0546875,-0.0625,1.0
7091,4431.875,-0.1015625,-0.0859375,1.03125
7092,4432.5,-0.078125,-0.0390625,1.046875
7093,4433.125,-0.078125,-0.0625,1.0078125
7094,4433.75,-0.0625,-0.078125,1.015625
7095,4434.375,-0.0546875,-0.0546875,1.0625
7096,4435.0,-0.046875,-0.0703125,1.0234375
7097,4435.625,-0.0625,-0.0625,1.0390625
7098,4436.25,-0.0234375,-0.078125,1.0078125
7099,4436.875,-0.046875,-0.0625,1.0
7100,4437.5,-0.0546875,-0.0703125,1.0
7101,4438.125,-0.03125,-0.0703125,0.984375
7102,4438.75,-0.03125,-0.078125,1.0078125
7103,4439.375,-0.0390625,-0.0703125,1.0078125
7104,4440.0,-0.03125,-0.0703125,1.015625
7105,4440.625,-0.0390625,-0.078125,1.0078125
7106,4441.25,-0.046875,-0.0703125,1.0078125
7107,4441.875,0.0,-0.078125,1.0
7108,4442.5,-0.0390625,-0.0703125,1.0234375
7109,4443.125,-0.109375,-0.125,1.03125
7110,4443.75,-0.0390625,-0.1015625,0.984375
7111,4444.375,-0.0703125,-0.1171875,1.0078125
7112,4445.0,-0.046875,-0.109375,1.0078125
7113,4445.625,-0.0546875,-0.1015625,1.0
7114,4446.25,-0.046875,-0.078125,0.9921875
7115,4446.875,-0.015625,-0.09375,1.0078125
7116,4447.5,0.0,-0.078125,1.0
7117,4448.125,-0.015625,-0.0859375,1.015625
7118,4448.75,-0.046875,-0.0625,1.0
7119,4449.375,-0.046875,-0.0546875,1.0
7120,4450.0,-0.03125,-0.0234375,1.0078125
7121,4450.625,-0.0546875,-0.0390625,0.9921875
7122,4451.25,-0.03125,-0.0625,1.0
7123,4451.875,-0.0390625,-0.0625,1.0
7124,4452.5,-0.015625,-0.0703125,0.9921875
7125,4453.125,-0.015625,-0.046875,0.9921875
7126,4453.75,-0.03125,-0.0390625,1.0078125
7127,4454.375,-0.03125,-0.046875,1.0
7128,4455.0,-0.015625,-0.0390625,1.0078125
7129,4455.625,0.0,-0.0703125,0.984375
7130,4456.25,0.0,-0.0546875,0.9765625
7131,4456.875,0.0,-0.03125,0.9765625
7132,4457.5,-0.015625,-0.046875,0.9765625
7133,4458.125,-0.03125,-0.0546875,0.9921875
7134,4458.75,0.0,-0.0546875,0.9921875
7135,4459.375,-0.0234375,-0.0390625,0.9765625
7136,4460.0,-0.0390625,-0.046875,0.9765625
7137,4460.625,-0.0234375,-0.03125,0.96875
7138,4461.25,-0.046875,-0.03125,0.96875
7139,4461.875,-0.015625,-0.03125,1.0
7140,4462.5,-0.0546875,-0.015625,0.9765625
7141,4463.125,-0.03125,-0.03125,0.9921875
7142,4463.75,-0.0390625,-0.015625,0.9765625
7143,4464.375,-0.046875,-0.03125,0.984375
7144,4465.0,-0.03125,-0.015625,1.0
7145,4465.625,0.0,-0.0390625,0.96875
7146,4466.25,0.0,-0.0234375,0.9609375
7147,4466.875,0.0,-0.015625,0.953125
7148,4467.5,-0.015625,-0.0234375,1.0
7149,4468.125,-0.03125,-0.0234375,0.9765625
7150,4468.75,-0.03125,0.0,0.984375
7151,4469.375,0.0,-0.03125,1.0
7152,4470.0,-0.0234375,-0.0390625,0.9609375
7153,4470.625,-0.03125,-0.03125,0.96875
7154,4471.25,-0.03125,-0.0390625,0.984375
7155,4471.875,-0.03125,-0.0234375,1.0078125
7156,4472.5,-0.046875,-0.0234375,1.0078125
7157,4473.125,-0.03125,-0.015625,1.015625
7158,4473.75,-0.0234375,-0.03125,1.0078125
7159,4474.375,-0.0234375,0.0,1.0
7160,4475.0,0.0,-0.0234375,0.9921875
7161,4475.625,0.0,-0.0390625,0.984375
7162,4476.25,0.0078125,-0.046875,0.96875
7163,4476.875,0.0,-0.03125,1.0
7164,4477.5,0.0,-0.015625,1.0
7165,4478.125,0.0,-0.03125,1.0
7166,4478.75,0.0,-0.03125,1.0078125
7167,4479.375,-0.03125,-0.015625,1.0234375
7168,4480.0,0.0,-0.03125,1.0390625
7169,4480.625,-0.03125,-0.015625,1.0234375
7170,4481.25,-0.015625,-0.015625,1.0234375
7171,4481.875,-0.0234375,-0.03125,1.0234375
7172,4482.5,0.0,-0.0234375,1.0078125
7173,4483.125,-0.03125,-0.03125,1.0234375
7174,4483.75,-0.015625,-0.0390625,1.0234375
7175,4484.375,0.0078125,-0.0546875,1.015625
7176,4485.0,0.0,-0.0546875,1.0078125
7177,4485.625,0.0,-0.0546875,1.0234375
7178,4486.25,-0.015625,-0.0390625,1.0234375
7179,4486.875,-0.0390625,-0.03125,1.0234375
7180,4487.5,-0.03125,-0.03125,1.0234375
7181,4488.125,-0.046875,-0.0390625,1.015625
7182,4488.75,-0.0234375,-0.03125,1.03125
7183,4489.375,-0.015625,-0.0703125,1.0234375
7184,4490.0,-0.03125,-0.0625,1.015625
7185,4490.625,-0.03125,-0.0625,1.0234375
7186,4491.25,-0.046875,-0.0390625,1.0546875
7187,4491.875,-0.046875,-0.046875,1.0546875
7188,4492.5,-0.046875,-0.0390625,1.0546875
7189,4493.125,-0.03125,-0.03125,1.0390625
7190,4493.75,-0.046875,-0.03125,1.0
7191,4494.375,-0.0390625,-0.015625,1.0
7192,4495.0,-0.0390625,-0.0234375,1.0
7193,4495.625,-0.0390625,-0.03125,1.0390625
7194,4496.25,-0.015625,-0.0234375,1.03125
7195,4496.875,-0.046875,-0.0234375,1.0
7196,4497.5,-0.0234375,-0.0390625,1.0234375
7197,4498.125,-0.046875,0.0,1.015625
7198,4498.75,-0.0390625,-0.015625,1.0234375
7199,4499.375,-0.0390625,0.0,1.0234375
7200,4500.0,-0.046875,0.0,1.0
7201,4500.625,-0.0625,-0.015625,1.0078125
7202,4501.25,-0.03125,0.0,1.015625
7203,4501.875,-0.03125,-0.03125,1.015625
7204,4502.5,-0.03125,0.0,1.015625
7205,4503.125,0.0,0.0,1.0078125
7206,4503.75,-0.0234375,0.0,1.0234375
7207,4504.375,0.0,-0.03125,1.0
7208,4505.0,0.0,0.0,1.0
7209,4505.625,-0.015625,0.0078125,1.0
7210,4506.25,-0.046875,0.0,1.0078125
7211,4506.875,-0.0625,0.0,1.0
7212,4507.5,-0.0234375,0.0,1.0
7213,4508.125,-0.046875,0.0,1.0
7214,4508.75,-0.015625,-0.03125,0.9765625
7215,4509.375,-0.0234375,-0.015625,1.0078125
7216,4510.0,-0.03125,-0.03125,0.9921875
7217,4510.625,-0.0390625,0.0078125,1.0
7218,4511.25,-0.0546875,0.0078125,1.015625
7219,4511.875,-0.0390625,0.0,1.0390625
7220,4512.5,-0.0546875,0.0,1.03125
7221,4513.125,-0.0390625,0.0,1.0234375
7222,4513.75,0.0,0.0,0.96875
7223,4514.375,-0.0390625,0.0,0.953125
7224,4515.0,-0.0546875,0.0,0.921875
7225,4515.625,-0.0546875,0.0,0.984375
7226,4516.25,-0.0390625,0.0,1.0
7227,4516.875,-0.03125,0.0,1.0078125
7228,4517.5,-0.0390625,0.0,0.9921875
7229,4518.125,-0.0390625,0.0,0.984375
7230,4518.75,-0.0234375,0.0,0.984375
7231,4519.375,-0.0390625,0.0,0.984375
7232,4520.0,-0.0390625,0.0,1.0
7233,4520.625,-0.0234375,-0.0234375,1.0
7234,4521.25,-0.0546875,0.0,1.0
7235,4521.875,-0.0390625,0.0,0.9921875
7236,4522.5,-0.046875,0.0,0.9765625
7237,4523.125,-0.03125,-0.0390625,0.9765625
7238,4523.75,-0.0390625,0.0,0.96875
7239,4524.375,-0.015625,-0.0234375,0.9765625
7240,4525.0,-0.015625,-0.03125,0.9765625
7241,4525.625,0.0,-0.0234375,0.984375
7242,4526.25,0.0,-0.0390625,0.984375
7243,4526.875,-0.0390625,-0.015625,1.0
7244,4527.5,-0.0625,0.0,0.984375
7245,4528.125,-0.046875,0.0,0.984375
7246,4528.75,-0.0703125,0.0,0.953125
7247,4529.375,-0.046875,0.0,0.9765625
7248,4530.0,-0.046875,-0.0546875,0.96875
7249,4530.625,-0.03125,-0.078125,0.953125
7250,4531.25,-0.046875,-0.0625,0.96875
7251,4531.875,-0.0234375,-0.046875,0.984375
7252,4532.5,-0.0390625,-0.03125,1.0078125
7253,4533.125,-0.03125,-0.0234375,1.0
7254,4533.75,-0.03125,-0.0546875,1.0
7255,4534.375,-0.0390625,-0.0390625,1.046875
7256,4535.0,-0.046875,-0.0546875,0.9921875
7257,4535.625,-0.0390625,-0.0390625,0.953125
7258,4536.25,-0.03125,-0.046875,0.9375
7259,4536.875,-0.03125,-0.0625,0.9140625
7260,4537.5,-0.0390625,-0.046875,0.96875
7261,4538.125,-0.046875,-0.046875,0.96875
7262,4538.75,-0.0390625,-0.03125,0.984375
7263,4539.375,-0.0546875,-0.046875,0.984375
7264,4540.0,-0.0390625,-0.0546875,0.9921875
7265,4540.625,-0.0546875,-0.0390625,0.9765625
7266,4541.25,-0.0625,-0.03125,0.96875
7267,4541.875,-0.046875,-0.03125,0.96875
7268,4542.5,-0.0390625,-0.046875,0.96875
7269,4543.125,-0.0390625,-0.03125,0.984375
7270,4543.75,-0.0703125,-0.0390625,0.96875
7271,4544.375,-0.0625,-0.03125,0.9453125
7272,4545.0,-0.078125,-0.0234375,0.984375
7273,4545.625,0.0,-0.0390625,0.9921875
7274,4546.25,0.0,-0.015625,0.984375
7275,4546.875,0.0,-0.046875,0.9765625
7276,4547.5,0.0,-0.046875,0.96875
7277,4548.125,-0.0703125,0.0,0.96875
7278,4548.75,-0.0703125,-0.0234375,0.9765625
7279,4549.375,-0.078125,0.0,0.9921875
7280,4550.0,-0.09375,0.0,0.96875
7281,4550.625,-0.046875,-0.046875,0.96875
7282,4551.25,-0.0390625,-0.0703125,0.9921875
7283,4551.875,-0.046875,-0.0703125,1.0
7284,4552.5,-0.046875,-0.078125,0.9609375
7285,4553.125,-0.0625,-0.0390625,0.984375
7286,4553.75,-0.0625,-0.03125,1.0078125
7287,4554.375,-0.0234375,-0.046875,1.0390625
7288,4555.0,-0.0390625,-0.046875,1.046875
7289,4555.625,-0.046875,-0.0546875,1.0
7290,4556.25,-0.0390625,-0.0546875,0.953125
7291,4556.875,-0.03125,-0.0625,0.9453125
7292,4557.5,-0.046875,-0.0390625,0.9453125
7293,4558.125,-0.046875,-0.0390625,0.984375
7294,4558.75,-0.0625,-0.046875,1.0
7295,4559.375,-0.046875,-0.0390625,0.984375
7296,4560.0,-0.0390625,-0.078125,0.984375
7297,4560.625,-0.03125,-0.0625,1.0
7298,4561.25,-0.046875,-0.0625,0.984375
7299,4561.875,-0.03125,-0.0390625,0.984375
7300,4562.5,-0.046875,-0.0390625,0.9921875
7301,4563.125,-0.0390625,-0.0625,0.9921875
7302,4563.75,-0.03125,-0.0546875,0.984375
7303,4564.375,-0.03125,-0.0546875,1.0
7304,4565.0,-0.046875,-0.0546875,0.984375
7305,4565.625,0.0,-0.046875,0.9921875
7306,4566.25,0.0078125,-0.0390625,0.984375
7307,4566.875,0.0078125,-0.0546875,0.9921875
7308,4567.5,-0.0390625,-0.046875,1.0
7309,4568.125,-0.0625,0.0,1.0
7310,4568.75,-0.078125,0.0,1.0234375
7311,4569.375,-0.046875,0.0078125,1.0
7312,4570.0,-0.0390625,-0.0546875,1.0
7313,4570.625,-0.0546875,-0.0859375,0.9765625
7314,4571.25,-0.0390625,-0.09375,0.9921875
7315,4571.875,-0.03125,-0.0625,0.96875
7316,4572.5,-0.0234375,-0.0546875,1.0546875
7317,4573.125,-0.03125,-0.046875,1.0703125
7318,4573.75,-0.046875,-0.0546875,1.0703125
7319,4574.375,-0.03125,-0.0625,1.015625
7320,4575.0,-0.0390625,-0.0390625,0.9765625
7321,4575.625,-0.046875,-0.0546875,0.953125
7322,4576.25,-0.03125,-0.046875,0.953125
7323,4576.875,-0.0390625,0.0,0.953125
7324,4577.5,-0.03125,-0.03125,1.0
7325,4578.125,-0.0078125,-0.0546875,1.0
7326,4578.75,-0.015625,-0.046875,1.0
7327,4579.375,-0.03125,-0.0546875,1.0
7328,4580.0,-0.046875,-0.03125,1.0
7329,4580.625,-0.046875,-0.0234375,1.0078125
7330,4581.25,-0.0234375,-0.0546875,1.0
7331,4581.875,-0.015625,-0.0546875,1.0078125
7332,4582.5,-0.015625,-0.0625,1.0
7333,4583.125,0.0,-0.0625,1.0
7334,4583.75,-0.03125,-0.046875,1.03125
7335,4584.375,-0.046875,-0.03125,1.0078125
7336,4585.0,-0.03125,-0.03125,0.984375
7337,4585.625,0.015625,-0.046875,0.984375
7338,4586.25,0.0,-0.0234375,0.9921875
7339,4586.875,0.0234375,-0.03125,1.0078125
7340,4587.5,0.0,-0.03125,1.0
7341,4588.125,-0.078125,-0.0234375,1.0
7342,4588.75,-0.0703125,0.0,1.015625
7343,4589.375,-0.09375,0.0234375,1.0078125
7344,4590.0,-0.078125,0.0234375,1.015625
7345,4590.625,0.0,-0.0234375,1.0234375
7346,4591.25,-0.015625,-0.09375,1.0
7347,4591.875,-0.03125,-0.078125,0.9921875
7348,4592.5,-0.0234375,-0.109375,1.0
7349,4593.125,-0.015625,-0.03125,1.0078125
7350,4593.75,-0.0234375,-0.015625,1.0546875
7351,4594.375,-0.015625,-0.0390625,1.078125
7352,4595.0,-0.03125,-0.015625,1.09375
7353,4595.625,-0.0546875,-0.0234375,1.0078125
7354,4596.25,-0.0390625,-0.03125,0.953125
7355,4596.875,-0.015625,-0.03125,0.9296875
7356,4597.5,-0.03125,-0.0390625,0.9375
7357,4598.125,-0.0390625,-0.046875,1.015625
7358,4598.75,-0.0625,-0.03125,1.0
7359,4599.375,-0.0390625,-0.03125,1.0
7360,4600.0,-0.0390625,0.0,1.0078125
7361,4600.625,-0.03125,-0.03125,1.015625
7362,4601.25,-0.046875,-0.046875,1.0078125
7363,4601.875,-0.0390625,-0.03125,1.015625
7364,4602.5,-0.046875,0.0,1.015625
7365,4603.125,-0.046875,-0.0234375,1.0078125
7366,4603.75,-0.0546875,-0.015625,1.0
7367,4604.375,-0.0390625,-0.03125,1.0
7368,4605.0,-0.03125,-0.03125,1.0078125
7369,4605.625,-0.046875,-0.015625,1.0234375
7370,4606.25,0.0234375,-0.0234375,1.03125
7371,4606.875,0.0,-0.015625,1.0
7372,4607.5,0.0078125,0.0,1.0078125
7373,4608.125,0.015625,-0.03125,1.0
7374,4608.75,-0.0234375,0.0234375,1.0390625
7375,4609.375,-0.046875,0.015625,1.03125
7376,4610.0,-0.046875,0.0234375,1.0078125
7377,4610.625,-0.046875,0.015625,1.03125
7378,4611.25,-0.0234375,0.0078125,1.0
7379,4611.875,-0.0390625,0.0,1.015625
7380,4612.5,-0.0234375,-0.0234375,0.9921875
7381,4613.125,-0.03125,-0.03125,0.9921875
7382,4613.75,-0.015625,-0.015625,0.984375
7383,4614.375,-0.0234375,0.0,1.0625
7384,4615.0,-0.015625,-0.0234375,1.0625
7385,4615.625,-0.015625,-0.03125,1.078125
7386,4616.25,-0.015625,-0.015625,1.0546875
7387,4616.875,-0.0234375,-0.0234375,1.0234375
7388,4617.5,-0.03125,-0.015625,1.0
7389,4618.125,-0.0234375,0.0,1.0
7390,4618.75,0.0,0.0,1.0078125
7391,4619.375,0.0,0.0,1.0
7392,4620.0,-0.0234375,-0.046875,1.015625
7393,4620.625,-0.015625,0.0,0.9921875
7394,4621.25,-0.015625,0.0,1.0
7395,4621.875,-0.015625,-0.0234375,1.015625
7396,4622.5,-0.0390625,-0.03125,1.0
7397,4623.125,-0.046875,0.0,1.0078125
7398,4623.75,-0.015625,0.0,1.0
7399,4624.375,-0.0390625,-0.0390625,0.9921875
7400,4625.0,-0.046875,0.0,1.0
7401,4625.625,-0.03125,-0.0234375,0.9921875
7402,4626.25,-0.046875,0.0,1.0
7403,4626.875,-0.015625,-0.0390625,1.0
7404,4627.5,0.0,-0.03125,0.984375
7405,4628.125,-0.03125,-0.015625,1.0
7406,4628.75,-0.0390625,0.0,0.9921875
7407,4629.375,-0.03125,-0.03125,1.015625
7408,4630.0,-0.0390625,0.0,1.0
7409,4630.625,-0.0546875,0.0,0.9921875
7410,4631.25,-0.015625,-0.015625,1.0078125
7411,4631.875,-0.03125,-0.046875,1.0
7412,4632.5,-0.0234375,-0.0234375,1.0
7413,4633.125,-0.0234375,-0.0234375,1.015625
7414,4633.75,-0.015625,-0.0078125,1.0
7415,4634.375,-0.046875,-0.0234375,1.0
7416,4635.0,-0.0234375,-0.0078125,1.0
7417,4635.625,-0.015625,-0.0234375,1.0078125
7418,4636.25,-0.03125,-0.015625,1.0
7419,4636.875,-0.0390625,0.0,0.9921875
7420,4637.5,-0.0390625,0.0,1.0
7421,4638.125,-0.0234375,-0.0078125,1.0
7422,4638.75,-0.03125,0.0,1.0078125
7423,4639.375,-0.015625,-0.0234375,1.0
7424,4640.0,-0.0390625,-0.0078125,0.9921875
7425,4640.625,-0.03125,-0.015625,1.0078125
7426,4641.25,-0.015625,-0.0078125,1.0234375
7427,4641.875,-0.0546875,0.0,1.0078125
7428,4642.5,-0.0234375,0.0,1.0
7429,4643.125,-0.0234375,-0.0234375,1.0
7430,4643.75,-0.046875,-0.03125,0.9921875
7431,4644.375,-0.0390625,-0.0234375,1.0078125
7432,4645.0,-0.03125,0.0,0.984375
7433,4645.625,-0.0234375,-0.015625,1.0078125
7434,4646.25,-0.0234375,-0.03125,0.9765625
7435,4646.875,-0.03125,-0.0234375,0.9765625
7436,4647.5,-0.0390625,-0.015625,1.0078125
7437,4648.125,-0.015625,-0.0234375,1.0
7438,4648.75,-0.0234375,-0.03125,1.0
7439,4649.375,-0.03125,-0.03125,1.0
7440,4650.0,0.0,-0.0234375,1.0
7441,4650.625,-0.015625,-0.0390625,1.0
7442,4651.25,-0.0546875,-0.0234375,1.0
7443,4651.875,-0.0234375,-0.015625,1.0
7444,4652.5,0.0,-0.0390625,1.0
7445,4653.125,-0.03125,-0.0234375,0.9921875
7446,4653.75,-0.0390625,-0.03125,1.0
7447,4654.375,-0.0234375,-0.046875,1.0
7448,4655.0,-0.0390625,-0.0390625,1.0
7449,4655.625,-0.0234375,-0.0234375,1.0078125
7450,4656.25,-0.0234375,-0.03125,0.9609375
7451,4656.875,-0.0390625,-0.015625,1.0
7452,4657.5,-0.046875,-0.0390625,0.984375
7453,4658.125,-0.03125,-0.015625,0.9921875
7454,4658.75,-0.046875,-0.03125,0.984375
7455,4659.375,-0.0390625,-0.046875,1.0
7456,4660.0,-0.0234375,-0.0234375,1.0
7457,4660.625,-0.0390625,0.0,0.984375
7458,4661.25,-0.0546875,0.0,1.015625
7459,4661.875,-0.0546875,0.0,1.0234375
7460,4662.5,-0.0390625,-0.015625,1.0078125
7461,4663.125,-0.0390625,-0.015625,1.0
7462,4663.75,-0.0625,-0.015625,1.0
7463,4664.375,-0.0625,-0.0234375,1.0234375
7464,4665.0,-0.046875,-0.03125,1.0078125
7465,4665.625,-0.0546875,-0.03125,1.0
7466,4666.25,-0.046875,0.0,1.0
7467,4666.875,-0.046875,0.0,0.984375
7468,4667.5,-0.0234375,-0.0234375,1.0
7469,4668.125,-0.0546875,-0.03125,0.9765625
7470,4668.75,-0.0625,0.0,0.9921875
7471,4669.375,-0.0546875,-0.0234375,1.0078125
7472,4670.0,-0.0390625,-0.0234375,0.9765625
7473,4670.625,-0.0234375,-0.0390625,1.0
7474,4671.25,-0.0390625,0.0,1.0
7475,4671.875,-0.046875,-0.0234375,1.0
7476,4672.5,-0.03125,0.0,1.0
7477,4673.125,-0.0390625,-0.0234375,0.984375
7478,4673.75,-0.0625,0.0,1.0
7479,4674.375,-0.0390625,-0.0234375,1.0
7480,4675.0,-0.03125,-0.0234375,0.9921875
7481,4675.625,-0.0234375,-0.03125,0.984375
7482,4676.25,-0.03125,-0.03125,1.0
7483,4676.875,-0.0390625,-0.03125,1.0
7484,4677.5,-0.046875,-0.0234375,1.0
7485,4678.125,-0.0390625,-0.0234375,0.984375
7486,4678.75,-0.0390625,-0.0234375,0.9921875
7487,4679.375,-0.046875,-0.015625,0.9921875
7488,4680.0,-0.046875,-0.015625,1.0
7489,4680.625,-0.0625,0.0,0.984375
7490,4681.25,-0.0625,0.0,1.0
7491,4681.875,-0.03125,-0.015625,1.0
7492,4682.5,-0.03125,-0.03125,1.0
7493,4683.125,-0.03125,-0.03125,0.9765625
7494,4683.75,-0.0390625,0.0,0.9921875
7495,4684.375,-0.015625,-0.0234375,1.0
7496,4685.0,-0.03125,0.0,0.9765625
7497,4685.625,-0.0390625,0.0,0.984375
7498,4686.25,-0.0390625,0.0,0.984375
7499,4686.875,-0.0390625,0.0,0.9921875
7500,4687.5,-0.0390625,0.0,1.0
7501,4688.125,-0.0390625,0.0,0.9921875
7502,4688.75,-0.03125,0.0,1.0
7503,4689.375,-0.03125,0.0,0.9765625
7504,4690.0,-0.0390625,0.0,1.0078125
7505,4690.625,-0.015625,-0.0234375,1.0
7506,4691.25,-0.0390625,0.0,1.0078125
7507,4691.875,-0.0546875,0.0,1.0
7508,4692.5,-0.03125,-0.046875,0.96875
7509,4693.125,-0.0390625,-0.015625,0.9921875
7510,4693.75,-0.03125,-0.015625,1.0
7511,4694.375,-0.03125,-0.0234375,1.0
7512,4695.0,-0.03125,0.0,1.0
7513,4695.625,-0.0546875,0.0,1.0
7514,4696.25,-0.0546875,0.0078125,1.0
7515,4696.875,-0.0625,-0.0234375,1.0
7516,4697.5,-0.0625,0.0,1.0
7517,4698.125,-0.046875,0.0,1.0
7518,4698.75,-0.046875,-0.0234375,1.0
7519,4699.375,-0.03125,-0.015625,1.0
7520,4700.0,-0.0390625,-0.015625,1.0
7521,4700.625,-0.0546875,0.0,1.0
7522,4701.25,-0.03125,0.0,0.984375
7523,4701.875,-0.03125,0.0,1.0
7524,4702.5,-0.046875,-0.015625,1.0
7525,4703.125,-0.03125,0.0,1.0
7526,4703.75,-0.03125,0.0,0.9921875
7527,4704.375,0.0,-0.0234375,1.0
7528,4705.0,-0.03125,-0.0234375,1.015625
7529,4705.625,-0.03125,0.0,1.0
7530,4706.25,-0.046875,0.0078125,1.0078125
7531,4706.875,-0.0390625,-0.015625,0.9921875
7532,4707.5,-0.03125,0.0,0.984375
7533,4708.125,-0.046875,0.0,1.0078125
7534,4708.75,-0.046875,0.0,1.015625
7535,4709.375,-0.0234375,0.0,1.0078125
7536,4710.0,-0.0234375,0.0,1.0234375
7537,4710.625,-0.0234375,0.0,1.0
7538,4711.25,-0.015625,0.0,1.0
7539,4711.875,-0.03125,-0.03125,1.0078125
7540,4712.5,-0.0546875,0.0,1.03125
7541,4713.125,-0.0390625,0.0,1.0078125
7542,4713.75,-0.0234375,0.0,1.0
7543,4714.375,-0.03125,-0.03125,1.0
7544,4715.0,-0.03125,0.0,1.0
7545,4715.625,-0.046875,-0.03125,1.0
7546,4716.25,-0.03125,0.0,1.0
7547,4716.875,-0.015625,0.0,1.0078125
7548,4717.5,-0.0234375,-0.015625,1.0
7549,4718.125,0.0,-0.0234375,1.0
7550,4718.75,-0.0390625,0.0,1.0
7551,4719.375,-0.03125,0.0,1.0
7552,4720.0,-0.03125,0.0078125,1.0078125
7553,4720.625,-0.03125,0.0,1.0
7554,4721.25,-0.03125,-0.015625,1.0
7555,4721.875,-0.0390625,0.0,1.0
7556,4722.5,-0.046875,0.0,1.0
7557,4723.125,-0.015625,0.0,1.0
7558,4723.75,-0.0234375,0.0,1.0078125
7559,4724.375,-0.0390625,0.0,1.0
7560,4725.0,-0.03125,-0.015625,1.0
7561,4725.625,-0.015625,-0.015625,1.0234375
7562,4726.25,-0.0234375,0.0,1.0
7563,4726.875,-0.0234375,0.0,1.0
7564,4727.5,0.0,0.0,0.9921875
7565,4728.125,0.0,-0.03125,1.0
7566,4728.75,-0.03125,0.0,1.0
7567,4729.375,-0.0234375,-0.015625,1.0
7568,4730.0,-0.015625,0.0,1.0
7569,4730.625,-0.015625,-0.015625,1.015625
7570,4731.25,0.0,-0.015625,1.0
7571,4731.875,-0.0390625,-0.0234375,1.0
7572,4732.5,-0.0234375,0.0,1.015625
7573,4733.125,0.0,0.0,1.0
7574,4733.75,-0.03125,0.0,1.0
7575,4734.375,-0.03125,0.0,0.9921875
7576,4735.0,0.0,-0.015625,1.0
7577,4735.625,0.0,0.0,0.984375
7578,4736.25,-0.03125,0.0,0.9921875
7579,4736.875,-0.0234375,-0.015625,1.0
7580,4737.5,-0.03125,0.0,1.0
7581,4738.125,-0.0390625,0.0,1.015625
7582,4738.75,-0.015625,0.0,1.0078125
7583,4739.375,0.0,-0.0234375,1.0078125
7584,4740.0,-0.015625,-0.0234375,1.0
7585,4740.625,0.0,0.0,1.0
7586,4741.25,-0.0234375,0.0,1.0078125
7587,4741.875,-0.0234375,-0.03125,1.0
7588,4742.5,-0.0234375,-0.0234375,1.0
7589,4743.125,0.0,-0.03125,1.0
7590,4743.75,-0.015625,-0.03125,0.984375
7591,4744.375,-0.03125,0.0,1.0
7592,4745.0,-0.03125,-0.0234375,1.0
7593,4745.625,0.0,0.0,1.0
7594,4746.25,-0.0234375,-0.0234375,1.0
7595,4746.875,0.0,0.0,1.0
7596,4747.5,0.0,-0.0234375,1.0078125
7597,4748.125,0.0,-0.03125,1.0
7598,4748.75,-0.015625,0.0,1.0
7599,4749.375,-0.0234375,-0.015625,1.0078125
7600,4750.0,-0.015625,-0.015625,1.0
7601,4750.625,0.0,0.0,1.015625
7602,4751.25,-0.046875,0.0,1.0
7603,4751.875,0.0,0.0,1.0
7604,4752.5,-0.03125,-0.0234375,1.0
7605,4753.125,0.0,0.0,1.0
7606,4753.75,0.0,0.0,1.0
7607,4754.375,0.0,-0.0078125,1.0
7608,4755.0,0.0,-0.0234375,1.0078125
7609,4755.625,0.0,-0.03125,1.0
7610,4756.25,-0.015625,0.0,1.0078125
7611,4756.875,0.0,-0.0234375,1.0
7612,4757.5,-0.03125,-0.015625,1.0078125
7613,4758.125,0.0,-0.015625,1.0
7614,4758.75,-0.0234375,-0.015625,1.0078125
7615,4759.375,0.0,-0.03125,0.9921875
7616,4760.0,-0.0390625,0.0,1.0
7617,4760.625,0.0,-0.015625,1.0
7618,4761.25,0.0,-0.0234375,1.0
7619,4761.875,0.0,-0.015625,1.0
7620,4762.5,-0.015625,-0.03125,1.0078125
7621,4763.125,-0.0234375,-0.0078125,1.0078125
7622,4763.75,-0.0234375,-0.015625,1.0
7623,4764.375,0.0,-0.015625,1.0
7624,4765.0,-0.03125,-0.015625,1.0
7625,4765.625,0.0,-0.03125,0.9921875
7626,4766.25,-0.015625,-0.0234375,1.0
7627,4766.875,-0.015625,-0.03125,1.0
7628,4767.5,-0.015625,-0.03125,1.0078125
7629,4768.125,-0.015625,0.0,1.0
7630,4768.75,-0.0234375,-0.03125,1.0
7631,4769.375,0.0078125,-0.0234375,1.0
7632,4770.0,-0.03125,-0.03125,1.0
7633,4770.625,-0.0078125,-0.015625,1.0
7634,4771.25,-0.0234375,-0.015625,0.984375
7635,4771.875,-0.015625,-0.015625,1.0
7636,4772.5,0.0,-0.015625,1.0
7637,4773.125,-0.0234375,-0.015625,0.984375
7638,4773.75,-0.0234375,-0.0078125,1.0
7639,4774.375,-0.015625,-0.015625,1.0078125
7640,4775.0,-0.0234375,-0.03125,0.984375
7641,4775.625,-0.03125,-0.015625,0.9921875
7642,4776.25,0.0,-0.015625,0.9921875
7643,4776.875,-0.03125,-0.0234375,1.0
7644,4777.5,-0.046875,-0.015625,1.0
7645,4778.125,-0.03125,-0.0234375,1.0
7646,4778.75,-0.0390625,0.0,1.0078125
7647,4779.375,-0.0234375,-0.03125,1.0
7648,4780.0,-0.0234375,-0.0234375,0.9921875
7649,4780.625,-0.0234375,0.0,0.9921875
7650,4781.25,-0.0390625,-0.0234375,1.0
7651,4781.875,-0.03125,-0.03125,1.0
7652,4782.5,-0.0390625,-0.015625,1.0078125
7653,4783.125,-0.015625,-0.03125,1.0
7654,4783.75,-0.046875,-0.015625,1.0234375
7655,4784.375,-0.0390625,-0.015625,1.0
7656,4785.0,-0.0390625,0.0,1.03125
7657,4785.625,-0.0390625,-0.0234375,1.0078125
7658,4786.25,-0.03125,-0.03125,1.0078125
7659,4786.875,-0.0234375,-0.03125,1.0078125
7660,4787.5,-0.0234375,-0.03125,1.0
7661,4788.125,-0.03125,-0.0390625,1.0
7662,4788.75,-0.03125,-0.03125,1.0234375
7663,4789.375,-0.03125,0.0,1.0
7664,4790.0,-0.03125,-0.03125,1.0078125
7665,4790.625,-0.03125,-0.015625,0.984375
7666,4791.25,-0.03125,-0.015625,1.015625
7667,4791.875,0.0,-0.0546875,0.984375
7668,4792.5,-0.0234375,-0.015625,1.0
7669,4793.125,-0.03125,-0.0390625,1.0
7670,4793.75,-0.03125,-0.0390625,1.0
7671,4794.375,-0.03125,-0.0234375,1.0078125
7672,4795.0,-0.03125,-0.0234375,1.0078125
7673,4795.625,-0.015625,0.0,1.0
7674,4796.25,-0.0234375,-0.03125,0.9921875
7675,4796.875,-0.03125,-0.0234375,0.9921875
7676,4797.5,-0.03125,-0.03125,1.0078125
7677,4798.125,-0.015625,0.0,1.0
7678,4798.75,-0.0390625,-0.03125,1.0078125
7679,4799.375,0.0,-0.03125,0.9921875
7680,4800.0,-0.03125,-0.03125,0.984375
7681,4800.625,-0.03125,0.0,1.0
7682,4801.25,-0.046875,0.0,1.0
7683,4801.875,-0.0390625,-0.03125,1.015625
7684,4802.5,-0.03125,-0.03125,1.0
7685,4803.125,-0.0234375,-0.0234375,1.0
7686,4803.75,-0.03125,0.0,1.0078125
7687,4804.375,-0.03125,0.0,1.015625
7688,4805.0,-0.0390625,-0.0234375,1.0
7689,4805.625,-0.0234375,-0.03125,1.0
7690,4806.25,-0.03125,-0.03125,1.015625
7691,4806.875,-0.015625,-0.03125,1.0
7692,4807.5,-0.03125,-0.0390625,0.9921875
7693,4808.125,-0.046875,-0.0390625,1.0
7694,4808.75,-0.0546875,0.0,0.9921875
7695,4809.375,-0.0234375,-0.03125,0.984375
7696,4810.0,-0.0234375,-0.0390625,1.0
7697,4810.625,-0.03125,0.0,1.0
7698,4811.25,-0.046875,-0.015625,1.0
7699,4811.875,-0.015625,-0.0234375,1.0
7700,4812.5,-0.0234375,-0.03125,1.0
7701,4813.125,-0.046875,0.0,1.0
7702,4813.75,-0.0546875,-0.0234375,0.984375
7703,4814.375,-0.03125,-0.0390625,1.0
7704,4815.0,-0.03125,-0.0234375,1.0078125
7705,4815.625,-0.046875,-0.0234375,1.0
7706,4816.25,-0.0390625,0.0,1.0
7707,4816.875,-0.03125,-0.03125,0.9921875
7708,4817.5,0.0,-0.0234375,1.0
7709,4818.125,-0.03125,-0.015625,0.9921875
7710,4818.75,-0.015625,-0.0234375,1.0234375
7711,4819.375,-0.0234375,-0.0234375,1.0078125
7712,4820.0,-0.015625,-0.046875,1.0
7713,4820.625,-0.015625,-0.046875,0.9921875
7714,4821.25,-0.0234375,-0.0234375,0.984375
7715,4821.875,0.0,-0.0390625,1.0
7716,4822.5,-0.0078125,-0.03125,1.0078125
7717,4823.125,-0.03125,-0.0234375,1.0
7718,4823.75,-0.0234375,-0.0234375,1.015625
7719,4824.375,-0.03125,-0.0390625,1.0
7720,4825.0,-0.03125,-0.0234375,1.0
7721,4825.625,-0.03125,-0.0390625,1.0
7722,4826.25,-0.0234375,-0.03125,1.0078125
7723,4826.875,-0.0390625,0.0,1.0
7724,4827.5,-0.0234375,0.0,1.0
7725,4828.125,-0.0234375,-0.015625,1.015625
7726,4828.75,-0.0234375,-0.0234375,1.015625
7727,4829.375,-0.03125,-0.03125,1.0
7728,4830.0,-0.015625,-0.03125,1.0
7729,4830.625,-0.015625,-0.03125,1.0
7730,4831.25,-0.0234375,-0.03125,1.0
7731,4831.875,-0.0234375,-0.03125,1.0078125
7732,4832.5,-0.03125,-0.0234375,1.0
7733,4833.125,0.0,-0.0390625,1.015625
7734,4833.75,-0.03125,-0.0234375,1.0390625
7735,4834.375,-0.0234375,-0.015625,1.0078125
7736,4835.0,-0.0234375,-0.0234375,1.0234375
7737,4835.625,-0.0234375,-0.03125,1.015625
7738,4836.25,-0.03125,0.0,1.0
7739,4836.875,-0.0078125,-0.0390625,1.0078125
7740,4837.5,-0.0390625,-0.03125,1.0078125
7741,4838.125,-0.03125,-0.0234375,1.0
7742,4838.75,-0.0234375,-0.0234375,0.9921875
7743,4839.375,-0.03125,-0.015625,1.0078125
7744,4840.0,-0.03125,-0.0234375,1.015625
7745,4840.625,-0.046875,-0.015625,1.0
7746,4841.25,-0.0390625,-0.015625,1.0078125
7747,4841.875,-0.0234375,-0.0234375,1.0234375
7748,4842.5,-0.0390625,-0.0390625,1.0234375
7749,4843.125,-0.0234375,-0.0546875,1.0078125
7750,4843.75,-0.03125,-0.0390625,0.984375
7751,4844.375,0.0,0.0,1.0
7752,4845.0,-0.015625,-0.03125,1.0234375
7753,4845.625,-0.0390625,0.0,1.03125
7754,4846.25,-0.03125,-0.03125,1.0
7755,4846.875,-0.0234375,-0.015625,1.0
7756,4847.5,-0.0546875,-0.0234375,1.015625
7757,4848.125,-0.03125,0.0,1.0234375
7758,4848.75,-0.03125,-0.0234375,1.0
7759,4849.375,-0.015625,-0.0234375,1.0
7760,4850.0,0.0,-0.03125,1.0
7761,4850.625,-0.03125,-0.015625,1.0
7762,4851.25,-0.0234375,-0.03125,1.015625
7763,4851.875,-0.015625,-0.0390625,1.0
7764,4852.5,-0.0234375,-0.03125,1.0
7765,4853.125,-0.03125,-0.0390625,1.0
7766,4853.75,-0.0390625,-0.03125,1.015625
7767,4854.375,0.0,-0.0546875,1.0234375
7768,4855.0,-0.03125,-0.015625,1.0078125
7769,4855.625,-0.015625,-0.0390625,1.0078125
7770,4856.25,-0.0390625,-0.03125,1.0
7771,4856.875,-0.03125,-0.03125,0.984375
7772,4857.5,-0.015625,-0.015625,1.015625
7773,4858.125,-0.03125,-0.0234375,1.015625
7774,4858.75,-0.03125,-0.03125,1.0078125
7775,4859.375,-0.0390625,-0.03125,0.984375
7776,4860.0,-0.03125,-0.015625,1.0078125
7777,4860.625,-0.015625,-0.0390625,1.0
7778,4861.25,-0.0390625,-0.0234375,1.0
7779,4861.875,-0.0234375,0.0,1.0
7780,4862.5,-0.0390625,-0.0234375,1.015625
7781,4863.125,-0.015625,-0.046875,1.0
7782,4863.75,-0.046875,-0.03125,1.0
7783,4864.375,-0.046875,-0.0234375,1.0
7784,4865.0,-0.03125,-0.0234375,1.0
7785,4865.625,-0.03125,-0.0234375,0.984375
7786,4866.25,-0.0546875,-0.0390625,1.0
7787,4866.875,-0.0390625,-0.015625,1.0
7788,4867.5,-0.046875,-0.0234375,1.0
7789,4868.125,-0.0390625,-0.0390625,0.9765625
7790,4868.75,-0.03125,-0.0390625,1.0078125
7791,4869.375,-0.015625,-0.046875,1.0078125
7792,4870.0,-0.03125,-0.0390625,1.0
7793,4870.625,-0.015625,-0.0234375,1.0
7794,4871.25,-0.046875,-0.0390625,1.0
7795,4871.875,-0.0234375,-0.0390625,1.0
7796,4872.5,-0.015625,-0.0390625,1.0
7797,4873.125,-0.0390625,0.0,1.0078125
7798,4873.75,-0.046875,-0.015625,0.9921875
7799,4874.375,-0.03125,-0.0234375,1.0
7800,4875.0,-0.0390625,0.0,0.984375
7801,4875.625,-0.0234375,-0.046875,1.015625
7802,4876.25,-0.0390625,-0.0234375,1.0
7803,4876.875,-0.0625,-0.0234375,1.0
7804,4877.5,-0.0390625,-0.0234375,1.0
7805,4878.125,0.0,-0.03125,0.984375
7806,4878.75,-0.03125,-0.0234375,0.96875
7807,4879.375,-0.03125,-0.0390625,0.984375
7808,4880.0,-0.03125,-0.0234375,0.9921875
7809,4880.625,-0.0234375,-0.0390625,0.96875
7810,4881.25,-0.03125,-0.0234375,1.0
7811,4881.875,-0.015625,-0.03125,1.015625
7812,4882.5,-0.015625,-0.0390625,1.0
7813,4883.125,0.0,-0.046875,0.9765625
7814,4883.75,-0.0234375,-0.03125,0.9921875
7815,4884.375,-0.0234375,-0.0234375,1.0
7816,4885.0,-0.015625,-0.046875,0.9921875
7817,4885.625,-0.0234375,-0.03125,1.0
7818,4886.25,-0.03125,-0.0390625,0.9921875
7819,4886.875,-0.03125,-0.015625,1.0078125
7820,4887.5,0.0,-0.046875,0.9921875
7821,4888.125,-0.015625,-0.0234375,1.0
7822,4888.75,0.0,-0.0390625,0.9921875
7823,4889.375,-0.03125,-0.015625,1.0
7824,4890.0,-0.03125,-0.0234375,1.0078125
7825,4890.625,-0.03125,-0.015625,0.9921875
7826,4891.25,-0.015625,-0.03125,1.0
7827,4891.875,-0.03125,-0.0234375,1.0
7828,4892.5,0.0,-0.03125,1.0
7829,4893.125,-0.0390625,-0.03125,1.015625
7830,4893.75,0.0,-0.0546875,0.9765625
7831,4894.375,-0.015625,-0.0390625,1.0
7832,4895.0,-0.015625,-0.03125,1.0
7833,4895.625,-0.03125,-0.015625,1.0
7834,4896.25,0.0,-0.046875,0.9921875
7835,4896.875,0.0,-0.0390625,1.0078125
7836,4897.5,-0.0390625,-0.0234375,1.0
7837,4898.125,-0.015625,-0.0390625,1.0
7838,4898.75,-0.03125,-0.03125,0.9765625
7839,4899.375,-0.015625,-0.0390625,0.9921875
7840,4900.0,0.0,-0.046875,1.0
7841,4900.625,-0.015625,-0.03125,1.0
7842,4901.25,-0.03125,-0.015625,1.0
7843,4901.875,-0.0234375,-0.03125,1.0234375
7844,4902.5,-0.0234375,-0.0234375,1.0078125
7845,4903.125,-0.015625,-0.0390625,1.0078125
7846,4903.75,-0.03125,0.0,1.0234375
7847,4904.375,-0.03125,-0.03125,1.0
7848,4905.0,0.0,-0.0390625,0.9921875
7849,4905.625,-0.015625,-0.015625,1.015625
7850,4906.25,-0.015625,-0.0234375,0.9921875
7851,4906.875,0.0,-0.03125,1.0
7852,4907.5,-0.03125,-0.03125,1.0078125
7853,4908.125,-0.0234375,-0.0390625,1.0078125
7854,4908.75,0.0,-0.0390625,1.0078125
7855,4909.375,-0.0234375,-0.015625,1.0078125
7856,4910.0,-0.015625,-0.03125,0.9921875
7857,4910.625,-0.03125,-0.03125,1.0
7858,4911.25,0.0,-0.0234375,1.0
7859,4911.875,-0.0234375,-0.046875,0.984375
7860,4912.5,0.0,-0.03125,0.9765625
7861,4913.125,-0.015625,-0.0390625,0.984375
7862,4913.75,-0.03125,0.0,1.0234375
7863,4914.375,-0.0234375,-0.0234375,1.0234375
7864,4915.0,0.0,-0.03125,1.0234375
7865,4915.625,0.0,-0.0390625,1.0
7866,4916.25,-0.03125,-0.046875,1.0
7867,4916.875,-0.015625,-0.046875,1.0
7868,4917.5,0.0,-0.0390625,1.0078125
7869,4918.125,-0.03125,-0.0234375,1.0
7870,4918.75,-0.0390625,-0.0234375,1.0
7871,4919.375,-0.0234375,-0.0234375,1.0
7872,4920.0,-0.03125,-0.03125,1.0
7873,4920.625,0.0,-0.015625,1.0
7874,4921.25,0.0,-0.046875,1.0
7875,4921.875,0.0,-0.0546875,1.0
7876,4922.5,-0.0390625,0.0,1.0078125
7877,4923.125,-0.0234375,-0.0234375,1.0
7878,4923.75,-0.015625,-0.03125,1.0078125
7879,4924.375,-0.0234375,-0.0234375,1.0
7880,4925.0,-0.0234375,-0.03125,1.0
7881,4925.625,-0.0390625,-0.03125,1.0
7882,4926.25,0.0,-0.046875,1.0
7883,4926.875,-0.0234375,-0.03125,1.0078125
7884,4927.5,-0.0390625,-0.0390625,1.0
7885,4928.125,-0.015625,-0.0234375,1.0
7886,4928.75,-0.03125,-0.0546875,1.0078125
7887,4929.375,0.0,-0.03125,1.0
7888,4930.0,-0.0234375,-0.0234375,1.0
7889,4930.625,-0.03125,-0.03125,1.0
7890,4931.25,-0.03125,-0.03125,1.0
7891,4931.875,-0.0390625,-0.0390625,1.0
7892,4932.5,-0.0390625,-0.03125,0.984375
7893,4933.125,-0.046875,0.0,0.9921875
7894,4933.75,-0.046875,-0.03125,1.0
7895,4934.375,-0.0390625,-0.0390625,1.0
7896,4935.0,-0.03125,-0.0546875,1.0
7897,4935.625,-0.0234375,-0.03125,1.0
7898,4936.25,-0.015625,-0.0390625,1.0
7899,4936.875,-0.03125,-0.0625,0.984375
7900,4937.5,-0.046875,-0.0234375,1.0
7901,4938.125,-0.03125,-0.046875,1.0078125
7902,4938.75,-0.0234375,-0.03125,1.0
7903,4939.375,-0.0390625,-0.03125,1.0
7904,4940.0,-0.03125,0.0,1.0
7905,4940.625,-0.046875,-0.0234375,1.0
7906,4941.25,-0.0390625,-0.03125,0.9921875
7907,4941.875,-0.0390625,-0.03125,0.984375
7908,4942.5,-0.0390625,-0.0234375,1.0
7909,4943.125,-0.03125,-0.0546875,1.0
7910,4943.75,-0.0546875,-0.015625,1.0
7911,4944.375,-0.015625,-0.0390625,0.984375
7912,4945.0,-0.03125,-0.0390625,0.9921875
7913,4945.625,-0.0390625,-0.03125,1.0
7914,4946.25,-0.0390625,-0.015625,1.0
7915,4946.875,-0.0234375,-0.0390625,1.015625
7916,4947.5,-0.03125,-0.0390625,1.0078125
7917,4948.125,-0.03125,-0.0390625,1.0078125
7918,4948.75,-0.03125,-0.03125,0.984375
7919,4949.375,-0.0234375,-0.046875,0.9765625
7920,4950.0,-0.046875,-0.03125,1.0
7921,4950.625,-0.0390625,-0.0546875,1.0
7922,4951.25,-0.03125,-0.0234375,1.015625
7923,4951.875,-0.03125,-0.0390625,0.9921875
7924,4952.5,-0.03125,-0.0390625,0.9921875
7925,4953.125,-0.03125,0.0,0.9921875
7926,4953.75,-0.046875,-0.0234375,1.0
7927,4954.375,-0.03125,-0.0390625,1.0
7928,4955.0,-0.03125,-0.03125,0.984375
7929,4955.625,-0.046875,-0.015625,0.9765625
7930,4956.25,-0.046875,-0.015625,0.9765625
7931,4956.875,-0.03125,-0.015625,1.0
7932,4957.5,-0.0390625,-0.03125,0.9921875
7933,4958.125,-0.046875,0.0,0.9921875
7934,4958.75,0.0,-0.0234375,1.0
7935,4959.375,-0.03125,-0.0390625,0.9765625
7936,4960.0,-0.03125,-0.0234375,0.9921875
7937,4960.625,-0.046875,-0.0234375,0.9921875
7938,4961.25,-0.046875,-0.015625,1.0
7939,4961.875,-0.03125,-0.0390625,0.9921875
7940,4962.5,-0.03125,-0.0234375,0.9765625
7941,4963.125,-0.0234375,-0.03125,1.0
7942,4963.75,-0.0234375,-0.046875,0.984375
7943,4964.375,-0.03125,-0.0234375,1.0
7944,4965.0,-0.0390625,-0.03125,1.0
7945,4965.625,-0.046875,-0.015625,0.9765625
7946,4966.25,-0.0390625,-0.0390625,1.0
7947,4966.875,-0.0390625,-0.0390625,0.9765625
7948,4967.5,-0.0390625,-0.0390625,0.9921875
7949,4968.125,-0.0546875,-0.0234375,0.984375
7950,4968.75,-0.046875,-0.0390625,1.0
7951,4969.375,-0.046875,-0.0390625,0.9765625
7952,4970.0,-0.03125,-0.046875,0.9765625
7953,4970.625,-0.0234375,-0.046875,1.0
7954,4971.25,-0.0546875,-0.03125,1.0078125
7955,4971.875,-0.0234375,-0.0390625,0.9921875
7956,4972.5,-0.0703125,-0.015625,0.9921875
7957,4973.125,-0.0390625,-0.015625,1.0
7958,4973.75,-0.046875,-0.0390625,0.984375
7959,4974.375,-0.0390625,-0.0546875,0.9921875
7960,4975.0,-0.0546875,-0.0234375,1.0
7961,4975.625,-0.046875,-0.03125,0.9921875
7962,4976.25,-0.0546875,-0.015625,1.0
7963,4976.875,-0.0390625,0.0,1.0
7964,4977.5,-0.046875,0.0,0.984375
7965,4978.125,-0.0390625,-0.0390625,0.9765625
7966,4978.75,-0.046875,-0.015625,0.9921875
7967,4979.375,-0.046875,0.0,1.0
7968,4980.0,-0.0390625,-0.0234375,1.015625
7969,4980.625,-0.0546875,0.0,1.015625
7970,4981.25,-0.0546875,-0.0234375,1.0
7971,4981.875,-0.046875,-0.0234375,1.0
7972,4982.5,-0.0546875,0.0,1.0
7973,4983.125,-0.046875,-0.015625,1.0
7974,4983.75,-0.0390625,0.0,0.984375
7975,4984.375,-0.046875,-0.0390625,1.015625
7976,4985.0,-0.0234375,-0.03125,1.0
7977,4985.625,-0.0546875,0.0,1.015625
7978,4986.25,-0.046875,-0.0234375,1.0
7979,4986.875,-0.0390625,0.0,1.0234375
7980,4987.5,-0.0390625,-0.015625,1.0
7981,4988.125,-0.046875,0.0,1.0
7982,4988.75,-0.0625,-0.015625,1.0078125
7983,4989.375,-0.046875,-0.015625,1.0078125
7984,4990.0,-0.03125,-0.015625,1.015625
7985,4990.625,-0.0546875,0.0,1.0
7986,4991.25,-0.03125,0.0,1.0078125
7987,4991.875,-0.046875,0.0,1.015625
7988,4992.5,-0.0390625,-0.0234375,1.0
7989,4993.125,-0.0546875,0.0,1.0
7990,4993.75,-0.0390625,0.0,1.0234375
7991,4994.375,-0.03125,-0.0234375,1.0078125
7992,4995.0,-0.046875,-0.0390625,1.0
7993,4995.625,-0.046875,0.0,1.0078125
7994,4996.25,-0.0390625,-0.0234375,1.0078125
7995,4996.875,-0.0390625,-0.015625,1.0078125
7996,4997.5,-0.03125,0.0,0.9921875
7997,4998.125,-0.046875,-0.015625,1.0078125
7998,4998.75,-0.0390625,0.0,1.03125
7999,4999.375,-0.03125,-0.015625,1.0
8000,5000.0,-0.0390625,0.0,1.0078125
8001,5000.625,-0.03125,-0.015625,1.0078125
8002,5001.25,-0.03125,0.0,1.015625
8003,5001.875,-0.03125,0.0,1.0078125
8004,5002.5,-0.03125,-0.03125,1.0078125
8005,5003.125,-0.0546875,0.0,1.015625
8006,5003.75,-0.0390625,0.0,1.0078125
8007,5004.375,-0.0390625,0.0,1.0
8008,5005.0,-0.03125,-0.0234375,0.9921875
8009,5005.625,-0.0546875,0.0,1.0078125
8010,5006.25,-0.046875,0.0,1.0
8011,5006.875,-0.03125,0.0,1.0078125
8012,5007.5,-0.0390625,0.0,1.0
8013,5008.125,-0.0390625,0.0078125,1.015625
8014,5008.75,-0.0390625,0.0,0.9921875
8015,5009.375,-0.046875,0.0,1.0
8016,5010.0,-0.046875,0.0,1.015625
8017,5010.625,-0.046875,0.0,1.0078125
8018,5011.25,-0.046875,0.0,1.0
8019,5011.875,-0.03125,0.0,1.0234375
8020,5012.5,-0.03125,0.0,1.0
8021,5013.125,-0.0390625,0.0,1.015625
8022,5013.75,-0.03125,0.0,0.9921875
8023,5014.375,-0.0390625,-0.0390625,1.0078125
8024,5015.0,-0.03125,-0.015625,1.0
8025,5015.625,-0.046875,0.0,1.0
8026,5016.25,-0.0390625,0.0,1.0
8027,5016.875,-0.03125,0.0,1.0
8028,5017.5,-0.046875,-0.0234375,1.0
8029,5018.125,-0.0390625,0.0,1.0
8030,5018.75,-0.0390625,-0.0234375,1.0
8031,5019.375,-0.0390625,-0.03125,1.0078125
8032,5020.0,-0.03125,0.0,0.9921875
8033,5020.625,-0.046875,-0.0234375,1.0078125
8034,5021.25,-0.046875,-0.015625,1.0078125
8035,5021.875,-0.0625,0.0,1.0078125
8036,5022.5,-0.046875,-0.015625,1.0
8037,5023.125,-0.0625,0.0,1.0
8038,5023.75,-0.0546875,-0.0234375,1.0
8039,5024.375,-0.0546875,-0.015625,0.984375
8040,5025.0,-0.0546875,0.0,1.0
8041,5025.625,-0.0390625,-0.03125,1.0
8042,5026.25,-0.046875,-0.0234375,1.0
8043,5026.875,-0.0234375,-0.03125,1.0
8044,5027.5,-0.015625,-0.03125,1.0
8045,5028.125,-0.046875,0.0,1.0
8046,5028.75,-0.046875,-0.015625,0.984375
8047,5029.375,-0.0234375,-0.03125,1.0
8048,5030.0,-0.03125,-0.0234375,1.0
8049,5030.625,-0.0390625,-0.015625,0.9921875
8050,5031.25,-0.0390625,-0.0234375,0.9921875
8051,5031.875,-0.046875,-0.0234375,1.0
8052,5032.5,-0.0390625,-0.0234375,1.0
8053,5033.125,-0.0234375,-0.0390625,1.0078125
8054,5033.75,-0.0234375,0.0,0.984375
8055,5034.375,-0.046875,0.0,0.9921875
8056,5035.0,-0.0703125,0.0,1.015625
8057,5035.625,-0.046875,0.0,0.9921875
8058,5036.25,-0.0546875,0.0,1.0078125
8059,5036.875,-0.046875,0.0,1.0
8060,5037.5,-0.046875,-0.015625,0.9921875
8061,5038.125,-0.0234375,-0.0234375,0.9765625
8062,5038.75,-0.03125,-0.0234375,1.0078125
8063,5039.375,-0.0390625,0.0,1.0078125
8064,5040.0,-0.0390625,-0.0234375,1.015625
8065,5040.625,-0.046875,0.0,1.0078125
8066,5041.25,-0.0234375,-0.03125,1.015625
8067,5041.875,-0.0390625,-0.015625,1.0
8068,5042.5,-0.0390625,-0.0390625,0.984375
8069,5043.125,-0.03125,-0.03125,1.0
8070,5043.75,-0.046875,-0.0234375,0.9921875
8071,5044.375,-0.03125,-0.0234375,0.96875
8072,5045.0,-0.03125,-0.046875,1.0
8073,5045.625,-0.0234375,-0.0234375,0.9921875
8074,5046.25,-0.0234375,-0.03125,1.0
8075,5046.875,-0.0234375,-0.015625,1.0
8076,5047.5,-0.0234375,-0.0390625,1.015625
8077,5048.125,-0.03125,-0.046875,1.0
8078,5048.75,-0.046875,0.0,1.0
8079,5049.375,-0.03125,0.0,1.0078125
8080,5050.0,-0.03125,0.0,0.9921875
8081,5050.625,-0.0390625,0.0,0.9921875
8082,5051.25,-0.046875,-0.015625,1.0
8083,5051.875,-0.046875,-0.03125,0.9921875
8084,5052.5,-0.03125,-0.046875,0.984375
8085,5053.125,-0.015625,-0.03125,1.0
8086,5053.75,-0.03125,-0.0234375,1.0
8087,5054.375,-0.015625,-0.015625,1.015625
8088,5055.0,-0.03125,-0.0234375,1.0
8089,5055.625,-0.0390625,-0.015625,1.0
8090,5056.25,-0.0390625,-0.0234375,1.0234375
8091,5056.875,0.0,0.0,1.0078125
8092,5057.5,-0.046875,-0.0234375,0.984375
8093,5058.125,-0.0546875,-0.0234375,1.0
8094,5058.75,-0.0234375,-0.0546875,1.0
8095,5059.375,-0.03125,-0.0234375,1.0
8096,5060.0,-0.0390625,-0.03125,1.0
8097,5060.625,-0.015625,-0.03125,1.0234375
8098,5061.25,-0.0546875,-0.03125,1.03125
8099,5061.875,-0.0546875,0.0,1.0078125
8100,5062.5,-0.0390625,-0.015625,1.0
8101,5063.125,-0.015625,-0.015625,0.9921875
8102,5063.75,-0.03125,-0.03125,0.984375
8103,5064.375,-0.015625,-0.03125,1.0
8104,5065.0,-0.03125,-0.046875,0.9921875
8105,5065.625,-0.015625,-0.03125,1.0078125
8106,5066.25,-0.03125,-0.03125,1.0
8107,5066.875,-0.015625,-0.046875,1.0
8108,5067.5,-0.015625,0.0,1.0
8109,5068.125,-0.03125,-0.0234375,1.0
8110,5068.75,-0.0390625,0.0,1.0
8111,5069.375,-0.015625,-0.0234375,1.0
8112,5070.0,-0.0390625,-0.015625,1.0078125
8113,5070.625,0.0,-0.0390625,1.0
8114,5071.25,0.0,-0.0234375,1.0078125
8115,5071.875,-0.0234375,-0.0234375,1.0
8116,5072.5,-0.0234375,-0.015625,1.0
8117,5073.125,0.0,-0.03125,0.984375
8118,5073.75,0.0,-0.03125,1.0
8119,5074.375,0.0,-0.03125,1.0
8120,5075.0,0.0,-0.03125,0.9765625
8121,5075.625,-0.03125,0.0,1.0
8122,5076.25,-0.0390625,0.0,1.0
8123,5076.875,-0.03125,-0.015625,0.984375
8124,5077.5,-0.0234375,0.0,1.0
8125,5078.125,-0.03125,-0.0234375,1.0
8126,5078.75,-0.0390625,-0.03125,1.0
8127,5079.375,-0.015625,-0.03125,0.9921875
8128,5080.0,-0.03125,0.0,1.0
8129,5080.625,-0.03125,-0.03125,1.015625
8130,5081.25,0.0,-0.03125,0.984375
8131,5081.875,-0.015625,-0.03125,1.0234375
8132,5082.5,-0.015625,-0.015625,1.0
8133,5083.125,-0.015625,0.0,0.9765625
8134,5083.75,-0.0234375,0.0,0.9765625
8135,5084.375,-0.03125,0.0,0.984375
8136,5085.0,-0.0234375,-0.0390625,1.0078125
8137,5085.625,-0.015625,-0.03125,1.0
8138,5086.25,-0.0234375,0.0,1.0
8139,5086.875,0.0,-0.015625,1.0
8140,5087.5,0.0,-0.0234375,1.0078125
8141,5088.125,-0.015625,-0.015625,0.984375
8142,5088.75,-0.03125,0.0,0.9921875
8143,5089.375,-0.015625,0.0,0.9921875
8144,5090.0,0.0,-0.0234375,0.9921875
8145,5090.625,-0.015625,0.0,0.984375
8146,5091.25,-0.046875,-0.015625,0.9921875
8147,5091.875,-0.0234375,-0.0546875,1.0
8148,5092.5,-0.015625,-0.0234375,0.9921875
8149,5093.125,0.0,0.0,1.0
8150,5093.75,0.0,0.0,1.0
8151,5094.375,0.0,0.0,1.0
8152,5095.0,0.0,0.0,0.984375
8153,5095.625,-0.0625,0.0,0.9921875
8154,5096.25,-0.03125,0.0,0.9921875
8155,5096.875,-0.015625,-0.015625,1.0
8156,5097.5,0.0,-0.0390625,0.9921875
8157,5098.125,0.0,-0.03125,1.0
8158,5098.75,0.0,-0.0390625,0.984375
8159,5099.375,-0.015625,-0.0078125,0.9921875
8160,5100.0,0.0,0.0,1.0
8161,5100.625,0.0,0.0,1.0234375
8162,5101.25,-0.015625,-0.03125,1.0234375
8163,5101.875,0.0,0.0,1.0
8164,5102.5,0.0,-0.015625,0.9765625
8165,5103.125,-0.0234375,0.0,0.96875
8166,5103.75,-0.0234375,0.0,0.953125
8167,5104.375,0.0,-0.0234375,0.9921875
8168,5105.0,-0.015625,0.0,0.9921875
8169,5105.625,0.0,-0.0234375,1.0
8170,5106.25,-0.015625,-0.015625,1.0
8171,5106.875,0.0,-0.03125,0.984375
8172,5107.5,-0.015625,0.0,1.0
8173,5108.125,-0.015625,0.0,1.0
8174,5108.75,-0.015625,-0.03125,1.0
8175,5109.375,-0.0234375,-0.0234375,0.984375
8176,5110.0,0.0,-0.015625,1.0
8177,5110.625,-0.0234375,-0.015625,1.015625
8178,5111.25,-0.03125,0.0,1.0234375
8179,5111.875,-0.03125,0.0,1.015625
8180,5112.5,0.0,-0.03125,0.9921875
8181,5113.125,0.0,-0.015625,1.0
8182,5113.75,0.0,0.0,1.0
8183,5114.375,0.0,-0.03125,1.0078125
8184,5115.0,-0.03125,0.0,1.0
8185,5115.625,-0.0234375,-0.015625,1.0
8186,5116.25,-0.0390625,0.0,1.0
8187,5116.875,-0.015625,-0.015625,1.015625
8188,5117.5,0.0,-0.03125,1.0234375
8189,5118.125,-0.0234375,0.0,1.015625
8190,5118.75,-0.0234375,-0.0390625,1.0078125
8191,5119.375,-0.03125,-0.03125,1.0
8192,5120.0,-0.03125,-0.015625,0.9921875
8193,5120.625,0.0,-0.0234375,1.015625
8194,5121.25,0.0,-0.0234375,1.0234375
8195,5121.875,-0.015625,-0.015625,1.046875
8196,5122.5,-0.03125,-0.0234375,1.0
8197,5123.125,-0.015625,-0.0390625,0.984375
8198,5123.75,-0.03125,0.0,0.9765625
8199,5124.375,-0.0390625,-0.03125,0.9921875
8200,5125.0,-0.0390625,-0.0390625,0.9765625
8201,5125.625,0.0,-0.03125,1.0
8202,5126.25,-0.0234375,-0.0234375,0.984375
8203,5126.875,-0.0390625,-0.03125,1.0
8204,5127.5,-0.0234375,-0.015625,1.0
8205,5128.125,0.0,-0.0390625,1.0
8206,5128.75,-0.03125,-0.03125,1.0
8207,5129.375,-0.0234375,-0.0390625,1.015625
8208,5130.0,-0.0234375,-0.0390625,1.0
8209,5130.625,-0.0234375,-0.03125,1.0078125
8210,5131.25,-0.015625,-0.0390625,1.0
8211,5131.875,-0.046875,-0.0234375,0.984375
8212,5132.5,0.0,-0.0390625,1.0
8213,5133.125,-0.03125,0.0,1.0
8214,5133.75,-0.0234375,-0.0234375,1.0
8215,5134.375,0.0,0.0,0.9921875
8216,5135.0,0.0,-0.0234375,0.9921875
8217,5135.625,0.0,-0.0234375,1.0
8218,5136.25,0.0,-0.015625,0.9921875
8219,5136.875,-0.0625,0.0,0.9921875
8220,5137.5,-0.0546875,0.0,1.0
8221,5138.125,-0.046875,0.0078125,0.9765625
8222,5138.75,-0.0234375,-0.03125,1.0
8223,5139.375,-0.015625,-0.046875,1.0
8224,5140.0,-0.03125,-0.0546875,1.0
8225,5140.625,-0.03125,-0.046875,1.015625
8226,5141.25,-0.015625,-0.0546875,1.0
8227,5141.875,-0.015625,-0.046875,1.0
8228,5142.5,-0.0234375,-0.03125,1.0390625
8229,5143.125,-0.0234375,-0.0234375,1.046875
8230,5143.75,-0.0234375,0.0,1.0546875
8231,5144.375,-0.0625,0.0,0.9765625
8232,5145.0,-0.03125,-0.03125,0.9609375
8233,5145.625,-0.03125,-0.0234375,0.96875
8234,5146.25,-0.0390625,-0.03125,0.984375
8235,5146.875,-0.03125,-0.03125,1.0
8236,5147.5,-0.0234375,-0.03125,1.0
8237,5148.125,-0.0234375,-0.03125,1.0
8238,5148.75,-0.0390625,-0.03125,1.0
8239,5149.375,-0.0234375,-0.015625,1.0
8240,5150.0,-0.03125,-0.0234375,1.015625
8241,5150.625,0.0,-0.03125,1.0
8242,5151.25,-0.0390625,-0.0234375,1.0078125
8243,5151.875,-0.03125,-0.015625,1.0
8244,5152.5,-0.0234375,-0.015625,0.9765625
8245,5153.125,-0.046875,-0.0234375,0.9921875
8246,5153.75,-0.0390625,-0.03125,1.0
8247,5154.375,0.0,-0.0234375,1.0
8248,5155.0,-0.0234375,0.0,1.0
8249,5155.625,0.0,-0.0234375,0.9765625
8250,5156.25,0.0078125,-0.03125,1.0
8251,5156.875,-0.0390625,-0.0390625,1.0
8252,5157.5,-0.0546875,0.0,1.015625
8253,5158.125,-0.0625,0.015625,1.0
8254,5158.75,-0.0546875,0.0,1.0
8255,5159.375,-0.03125,0.0,1.0078125
8256,5160.0,-0.046875,-0.046875,1.0078125
8257,5160.625,-0.0390625,-0.0390625,0.9921875
8258,5161.25,-0.0390625,-0.0625,1.0078125
8259,5161.875,-0.0078125,-0.0390625,1.0
8260,5162.5,-0.03125,0.0,1.0390625
8261,5163.125,-0.03125,-0.03125,1.0390625
8262,5163.75,-0.0390625,-0.015625,1.0390625
8263,5164.375,-0.015625,0.0,0.9921875
8264,5165.0,-0.0390625,-0.0234375,0.96875
8265,5165.625,-0.046875,-0.03125,0.96875
8266,5166.25,-0.015625,-0.0546875,0.9453125
8267,5166.875,-0.03125,-0.0390625,1.0078125
8268,5167.5,0.0,-0.046875,0.984375
8269,5168.125,-0.015625,-0.0234375,1.0
8270,5168.75,-0.0546875,-0.015625,1.0
8271,5169.375,-0.0390625,-0.0234375,1.0078125
8272,5170.0,-0.0234375,-0.0390625,1.015625
8273,5170.625,-0.03125,-0.0234375,1.015625
8274,5171.25,-0.0234375,-0.0234375,1.0
8275,5171.875,-0.03125,-0.03125,1.0078125
8276,5172.5,-0.015625,-0.046875,1.015625
8277,5173.125,-0.0234375,-0.0234375,1.0
8278,5173.75,-0.0390625,0.0,1.0078125
8279,5174.375,0.0,-0.0234375,0.9765625
8280,5175.0,0.0,0.0,1.0
8281,5175.625,0.015625,-0.046875,0.984375
8282,5176.25,0.015625,-0.0234375,1.0
8283,5176.875,-0.0546875,-0.03125,1.0
8284,5177.5,-0.0625,0.0078125,0.9921875
8285,5178.125,-0.0625,0.0,1.0
8286,5178.75,-0.0703125,0.015625,1.0078125
8287,5179.375,-0.03125,-0.046875,1.0
8288,5180.0,-0.03125,-0.0625,1.0078125
8289,5180.625,-0.0234375,-0.0625,0.9921875
8290,5181.25,-0.03125,-0.0390625,1.0
8291,5181.875,-0.03125,-0.0390625,1.046875
8292,5182.5,-0.03125,-0.046875,1.046875
8293,5183.125,-0.0234375,-0.0390625,1.0390625
8294,5183.75,-0.03125,-0.03125,0.9921875
8295,5184.375,-0.046875,-0.0234375,0.9765625
8296,5185.0,-0.046875,-0.015625,0.9453125
8297,5185.625,-0.03125,-0.015625,0.9453125
8298,5186.25,-0.03125,-0.0390625,0.9921875
8299,5186.875,-0.03125,-0.0234375,0.9921875
8300,5187.5,-0.03125,-0.0390625,0.984375
8301,5188.125,-0.046875,0.0,1.0
8302,5188.75,-0.046875,-0.03125,1.0
8303,5189.375,-0.03125,-0.03125,1.0
8304,5190.0,-0.0546875,-0.0234375,1.0
8305,5190.625,-0.015625,-0.03125,1.015625
8306,5191.25,-0.0234375,-0.046875,1.0
8307,5191.875,-0.03125,-0.03125,1.015625
8308,5192.5,-0.0390625,-0.046875,1.0
8309,5193.125,-0.015625,-0.0390625,0.9921875
8310,5193.75,-0.0234375,-0.0234375,1.0
8311,5194.375,-0.0390625,-0.0390625,0.9765625
8312,5195.0,0.0,-0.046875,1.0
8313,5195.625,0.0,-0.03125,1.0078125
8314,5196.25,0.015625,-0.046875,1.0
8315,5196.875,0.015625,-0.046875,0.9921875
8316,5197.5,-0.0625,0.0,0.9921875
8317,5198.125,-0.0625,0.0,1.0
8318,5198.75,-0.0859375,0.0078125,0.9921875
8319,5199.375,-0.0390625,0.0078125,1.0078125
8320,5200.0,-0.0078125,-0.03125,0.9921875
8321,5200.625,0.0,-0.078125,1.0
8322,5201.25,-0.0234375,-0.09375,1.0078125
8323,5201.875,-0.015625,-0.1015625,1.0078125
8324,5202.5,-0.0234375,-0.0234375,1.0
8325,5203.125,-0.0234375,-0.0234375,1.03125
8326,5203.75,-0.03125,-0.046875,1.0703125
8327,5204.375,-0.03125,-0.03125,1.046875
8328,5205.0,-0.0390625,-0.015625,0.9921875
8329,5205.625,0.0,-0.03125,0.9453125
8330,5206.25,-0.0234375,-0.046875,0.9375
8331,5206.875,-0.0234375,-0.03125,0.9375
8332,5207.5,0.0,-0.0703125,1.0
8333,5208.125,-0.03125,-0.03125,1.0
8334,5208.75,-0.0390625,-0.0390625,1.0078125
8335,5209.375,-0.015625,-0.046875,1.0
8336,5210.0,-0.0546875,0.0,1.0
8337,5210.625,-0.03125,-0.0546875,1.0
8338,5211.25,-0.03125,-0.03125,1.0
8339,5211.875,0.0,-0.046875,0.9921875
8340,5212.5,-0.0234375,-0.0390625,1.0
8341,5213.125,-0.0390625,-0.046875,1.0
8342,5213.75,-0.0390625,-0.03125,1.0
8343,5214.375,-0.0234375,-0.03125,1.0
8344,5215.0,-0.03125,-0.0703125,0.9765625
8345,5215.625,0.0078125,-0.0546875,1.0
8346,5216.25,0.015625,-0.046875,0.9765625
8347,5216.875,0.046875,-0.0625,0.9921875
8348,5217.5,-0.015625,-0.0859375,0.9765625
8349,5218.125,-0.0703125,0.0,0.9765625
8350,5218.75,-0.0859375,0.0,1.0
8351,5219.375,-0.09375,0.015625,1.0
8352,5220.0,-0.03125,-0.0625,0.9765625
8353,5220.625,-0.03125,-0.09375,1.0
8354,5221.25,-0.03125,-0.109375,0.9765625
8355,5221.875,-0.015625,-0.15625,1.0
8356,5222.5,-0.015625,-0.0625,0.984375
8357,5223.125,-0.03125,-0.0546875,1.0234375
8358,5223.75,-0.0234375,-0.09375,1.046875
8359,5224.375,-0.03125,-0.046875,1.0859375
8360,5225.0,-0.0625,-0.0625,1.0
8361,5225.625,-0.0390625,-0.0625,0.9375
8362,5226.25,0.0,-0.0625,0.921875
8363,5226.875,-0.046875,-0.0625,0.8984375
8364,5227.5,0.0,-0.0625,0.90625
8365,5228.125,0.0,-0.0703125,0.9921875
8366,5228.75,-0.046875,-0.03125,0.9921875
8367,5229.375,-0.03125,-0.078125,1.0
8368,5230.0,-0.03125,-0.0546875,1.0078125
8369,5230.625,-0.03125,-0.0546875,1.0
8370,5231.25,-0.03125,-0.0703125,1.0
8371,5231.875,-0.0390625,-0.0390625,0.9765625
8372,5232.5,-0.0234375,-0.0546875,1.0
8373,5233.125,-0.0234375,-0.046875,0.9921875
8374,5233.75,-0.0390625,-0.0390625,1.0
8375,5234.375,-0.0546875,-0.0390625,1.0
8376,5235.0,-0.0234375,-0.0625,0.9921875
8377,5235.625,-0.0625,-0.0390625,0.9765625
8378,5236.25,-0.0234375,-0.0390625,1.0
8379,5236.875,0.0,-0.0546875,0.9921875
8380,5237.5,0.03125,-0.046875,0.9765625
8381,5238.125,0.0078125,-0.0546875,0.9921875
8382,5238.75,-0.0234375,0.0,1.0
8383,5239.375,-0.046875,0.0,1.0
8384,5240.0,-0.0546875,0.0,0.9921875
8385,5240.625,-0.03125,0.0078125,1.0
8386,5241.25,-0.03125,0.0,1.0078125
8387,5241.875,-0.046875,-0.0390625,1.0
8388,5242.5,0.0,-0.0625,0.9921875
8389,5243.125,0.0,-0.0546875,0.9765625
8390,5243.75,-0.0234375,-0.0625,0.96875
8391,5244.375,-0.0234375,-0.0390625,1.0546875
8392,5245.0,-0.03125,-0.015625,1.046875
8393,5245.625,-0.015625,-0.0390625,1.0625
8394,5246.25,-0.03125,-0.015625,1.0859375
8395,5246.875,-0.0390625,-0.03125,0.96875
8396,5247.5,-0.03125,-0.046875,0.984375
8397,5248.125,0.0,-0.0546875,0.9921875
8398,5248.75,-0.0390625,-0.03125,1.0
8399,5249.375,-0.0234375,-0.015625,1.0
8400,5250.0,-0.0234375,-0.03125,1.0
8401,5250.625,-0.015625,-0.03125,1.0234375
8402,5251.25,-0.0390625,0.0,1.015625
8403,5251.875,-0.0234375,-0.0390625,0.9921875
8404,5252.5,-0.0234375,-0.0546875,1.0
8405,5253.125,-0.03125,0.0,1.0078125
8406,5253.75,-0.03125,0.0,1.0
8407,5254.375,-0.03125,0.0,1.0
8408,5255.0,-0.0390625,0.0,1.0
8409,5255.625,-0.0234375,-0.03125,1.0
8410,5256.25,-0.0390625,0.0,1.0078125
8411,5256.875,-0.03125,0.0,1.0
8412,5257.5,-0.03125,-0.015625,1.0078125
8413,5258.125,-0.046875,-0.0234375,1.0
8414,5258.75,-0.046875,0.0,0.9765625
8415,5259.375,-0.03125,-0.0234375,1.0
8416,5260.0,-0.0234375,0.0,1.0
8417,5260.625,-0.03125,0.0,1.0
8418,5261.25,-0.0390625,0.0,1.015625
8419,5261.875,-0.0390625,0.0,1.0234375
8420,5262.5,-0.03125,0.0,1.0
8421,5263.125,-0.0390625,0.0,1.0
8422,5263.75,-0.03125,0.0,1.0234375
8423,5264.375,-0.0390625,0.0,1.0078125
8424,5265.0,-0.046875,0.0,1.0
8425,5265.625,-0.03125,0.0,1.0
8426,5266.25,-0.015625,0.0,0.9921875
8427,5266.875,-0.0390625,0.0,0.9921875
8428,5267.5,-0.046875,0.0,1.0078125
8429,5268.125,0.0,0.0,1.03125
8430,5268.75,-0.046875,0.0,1.0
8431,5269.375,-0.03125,0.0078125,1.0
8432,5270.0,-0.03125,0.0,1.0
8433,5270.625,-0.03125,0.015625,1.0
8434,5271.25,-0.0234375,0.0078125,1.0
8435,5271.875,-0.03125,0.015625,1.0078125
8436,5272.5,-0.0390625,0.0,1.03125
8437,5273.125,-0.046875,0.0078125,1.0234375
8438,5273.75,-0.03125,0.0078125,1.0078125
8439,5274.375,-0.046875,0.0,1.0390625
8440,5275.0,-0.03125,0.0,1.015625
8441,5275.625,-0.03125,0.0,1.015625
8442,5276.25,-0.03125,0.0,1.0
8443,5276.875,-0.0234375,0.0,1.0
8444,5277.5,-0.0234375,0.0234375,0.9921875
8445,5278.125,-0.0390625,0.0078125,1.015625
8446,5278.75,-0.0546875,0.015625,1.0078125
8447,5279.375,-0.0234375,0.0,1.0
8448,5280.0,-0.046875,0.0,1.0234375
8449,5280.625,-0.03125,0.0,1.0234375
8450,5281.25,-0.03125,0.0078125,1.0
8451,5281.875,-0.046875,0.0,1.0
8452,5282.5,-0.0546875,0.0078125,1.03125
8453,5283.125,-0.03125,0.0,1.0
8454,5283.75,-0.03125,0.0,1.015625
8455,5284.375,-0.046875,0.0,1.015625
8456,5285.0,-0.03125,0.0,1.0234375
8457,5285.625,-0.03125,-0.0234375,1.0
8458,5286.25,-0.03125,-0.015625,1.0
8459,5286.875,-0.03125,0.0,1.0
8460,5287.5,-0.03125,-0.0234375,1.0234375
8461,5288.125,-0.03125,-0.015625,1.0
8462,5288.75,-0.0234375,-0.0390625,1.0
8463,5289.375,-0.046875,0.0,1.0
8464,5290.0,-0.0234375,-0.046875,1.0
8465,5290.625,-0.046875,-0.0234375,1.0078125
8466,5291.25,-0.03125,-0.03125,1.015625
8467,5291.875,-0.0390625,-0.0546875,1.0078125
8468,5292.5,-0.046875,-0.0234375,1.0078125
8469,5293.125,-0.0390625,-0.015625,1.0078125
8470,5293.75,-0.0390625,-0.0234375,1.015625
8471,5294.375,-0.0234375,-0.0234375,1.0078125
8472,5295.0,-0.015625,-0.03125,1.0234375
8473,5295.625,-0.03125,-0.03125,1.0234375
8474,5296.25,-0.0390625,-0.0390625,1.03125
8475,5296.875,-0.03125,-0.0234375,1.015625
8476,5297.5,-0.046875,-0.03125,1.015625
8477,5298.125,-0.0390625,-0.0546875,1.0234375
8478,5298.75,-0.03125,-0.046875,1.0234375
8479,5299.375,-0.0234375,-0.03125,1.0390625
8480,5300.0,-0.03125,-0.0390625,1.0234375
8481,5300.625,-0.0390625,-0.015625,1.0078125
8482,5301.25,-0.046875,-0.0546875,1.0078125
8483,5301.875,-0.0390625,-0.0390625,1.0
8484,5302.5,-0.0625,-0.0390625,1.0
8485,5303.125,-0.046875,-0.03125,1.0
8486,5303.75,-0.0390625,-0.046875,1.0
8487,5304.375,-0.0390625,-0.0546875,1.0
8488,5305.0,-0.03125,-0.046875,1.0078125
8489,5305.625,-0.0390625,-0.0390625,1.0
8490,5306.25,-0.046875,-0.0390625,1.0
8491,5306.875,-0.0390625,-0.03125,1.0
8492,5307.5,-0.046875,-0.03125,1.0
8493,5308.125,-0.0390625,-0.0546875,1.0
8494,5308.75,-0.0390625,-0.078125,1.0
8495,5309.375,-0.046875,-0.046875,1.0
8496,5310.0,-0.046875,-0.03125,1.0
8497,5310.625,-0.0234375,-0.0625,1.0
8498,5311.25,-0.03125,-0.046875,1.0078125
8499,5311.875,-0.046875,-0.0390625,1.0
8500,5312.5,-0.03125,-0.0546875,0.984375
8501,5313.125,-0.0390625,-0.046875,1.0
8502,5313.75,-0.0625,-0.0234375,1.0
8503,5314.375,-0.0390625,-0.0390625,1.0
8504,5315.0,-0.0390625,-0.0703125,1.0
8505,5315.625,-0.0234375,-0.0390625,1.0
8506,5316.25,-0.03125,-0.046875,1.0078125
8507,5316.875,-0.0390625,-0.046875,1.0
8508,5317.5,-0.0546875,-0.0390625,1.0
8509,5318.125,-0.0234375,-0.0625,1.0078125
8510,5318.75,-0.046875,-0.046875,1.0
8511,5319.375,-0.0390625,-0.0703125,1.0
8512,5320.0,-0.03125,-0.0546875,0.96875
8513,5320.625,-0.0390625,-0.0546875,1.0078125
8514,5321.25,-0.03125,-0.0625,0.9921875
8515,5321.875,-0.03125,-0.0703125,0.96875
8516,5322.5,-0.03125,-0.0625,0.9921875
8517,5323.125,-0.015625,-0.0703125,0.9765625
8518,5323.75,-0.0390625,-0.0546875,1.0
8519,5324.375,-0.03125,-0.046875,0.96875
8520,5325.0,-0.015625,-0.0703125,0.984375
8521,5325.625,-0.03125,-0.046875,0.9765625
8522,5326.25,-0.0234375,-0.046875,1.0
8523,5326.875,-0.03125,-0.046875,1.0
8524,5327.5,-0.046875,-0.0546875,0.984375
8525,5328.125,-0.03125,-0.0625,0.96875
8526,5328.75,-0.046875,-0.0546875,1.0
8527,5329.375,-0.03125,-0.046875,0.984375
8528,5330.0,-0.03125,-0.046875,0.9765625
8529,5330.625,-0.03125,-0.0546875,1.0
8530,5331.25,-0.03125,-0.0546875,0.984375
8531,5331.875,-0.0390625,-0.046875,1.0
8532,5332.5,-0.03125,-0.046875,0.9921875
8533,5333.125,-0.03125,-0.0390625,0.984375
8534,5333.75,0.0,-0.0625,0.984375
8535,5334.375,-0.046875,-0.046875,0.9765625
8536,5335.0,-0.0390625,-0.0546875,0.9765625
8537,5335.625,-0.0390625,-0.0546875,1.0
8538,5336.25,-0.015625,-0.078125,1.0
8539,5336.875,-0.0234375,-0.0546875,0.9921875
8540,5337.5,-0.0390625,-0.046875,0.96875
8541,5338.125,-0.03125,-0.046875,0.984375
8542,5338.75,-0.046875,-0.046875,0.984375
8543,5339.375,-0.0390625,-0.0390625,0.9921875
8544,5340.0,-0.0234375,-0.0546875,0.9765625
8545,5340.625,-0.0625,-0.0546875,0.9765625
8546,5341.25,-0.03125,-0.0703125,1.0
8547,5341.875,-0.046875,-0.0625,0.984375
8548,5342.5,-0.03125,-0.0546875,0.984375
8549,5343.125,-0.015625,-0.0546875,1.0
8550,5343.75,-0.046875,-0.0390625,0.9921875
8551,5344.375,-0.0703125,-0.03125,0.9765625
8552,5345.0,0.0,-0.0625,0.984375
8553,5345.625,-0.03125,-0.0625,0.9921875
8554,5346.25,-0.03125,-0.046875,1.0
8555,5346.875,-0.046875,-0.03125,0.984375
8556,5347.5,-0.0390625,-0.0390625,0.9765625
8557,5348.125,-0.03125,-0.0625,0.96875
8558,5348.75,-0.03125,-0.0625,0.9921875
8559,5349.375,-0.03125,-0.0546875,0.9921875
8560,5350.0,-0.0390625,-0.0625,0.9921875
8561,5350.625,-0.0390625,-0.046875,1.0
8562,5351.25,-0.046875,-0.03125,1.0
8563,5351.875,-0.0390625,-0.078125,0.9921875
8564,5352.5,-0.0390625,-0.0625,1.0078125
8565,5353.125,-0.03125,-0.0390625,1.0
8566,5353.75,-0.03125,-0.046875,0.984375
8567,5354.375,-0.046875,-0.046875,0.9921875
8568,5355.0,-0.03125,-0.046875,1.0
8569,5355.625,-0.0390625,-0.0625,1.0
8570,5356.25,-0.0625,-0.046875,1.0
8571,5356.875,-0.03125,-0.03125,0.9921875
8572,5357.5,-0.0546875,-0.03125,1.0
8573,5358.125,-0.046875,-0.0390625,0.984375
8574,5358.75,-0.03125,-0.03125,0.9921875
8575,5359.375,-0.046875,-0.0390625,1.0
8576,5360.0,-0.0390625,-0.0234375,1.0
8577,5360.625,-0.0390625,-0.0390625,1.0
8578,5361.25,-0.046875,-0.0390625,1.0
8579,5361.875,-0.0546875,-0.0234375,1.0
8580,5362.5,-0.0390625,-0.03125,1.0
8581,5363.125,-0.046875,-0.0390625,0.9921875
8582,5363.75,-0.03125,-0.0390625,1.0078125
8583,5364.375,-0.046875,-0.03125,1.0
8584,5365.0,-0.03125,-0.0234375,0.984375
8585,5365.625,-0.03125,-0.0234375,1.0
8586,5366.25,-0.0390625,-0.03125,0.984375
8587,5366.875,-0.046875,-0.03125,1.0
8588,5367.5,-0.03125,-0.03125,1.0
8589,5368.125,-0.0390625,-0.046875,1.0
8590,5368.75,-0.03125,-0.03125,0.9921875
8591,5369.375,-0.046875,-0.0390625,0.984375
8592,5370.0,-0.046875,0.0,1.0
8593,5370.625,-0.0234375,-0.0390625,0.9921875
8594,5371.25,-0.0546875,0.0,0.9921875
8595,5371.875,-0.046875,-0.0390625,1.0
8596,5372.5,-0.046875,0.0,0.984375
8597,5373.125,-0.0390625,-0.03125,1.0
8598,5373.75,-0.046875,-0.0390625,1.0
8599,5374.375,-0.0390625,-0.0390625,1.0
8600,5375.0,-0.03125,-0.03125,0.9921875
8601,5375.625,-0.046875,-0.0234375,0.9921875
8602,5376.25,-0.03125,-0.0390625,0.984375
8603,5376.875,-0.0390625,-0.046875,0.9921875
8604,5377.5,-0.0546875,-0.015625,1.0
8605,5378.125,-0.03125,-0.03125,0.984375
8606,5378.75,-0.0625,-0.015625,1.0078125
8607,5379.375,-0.046875,-0.0234375,0.9921875
8608,5380.0,-0.0390625,-0.015625,1.0
8609,5380.625,-0.046875,-0.0234375,0.984375
8610,5381.25,-0.015625,-0.0390625,1.0
8611,5381.875,-0.03125,-0.0234375,1.015625
8612,5382.5,-0.03125,-0.0234375,0.9765625
8613,5383.125,-0.03125,-0.03125,1.0
8614,5383.75,-0.03125,-0.03125,1.0
8615,5384.375,-0.046875,0.0,1.0
8616,5385.0,-0.0390625,-0.0234375,1.0
8617,5385.625,-0.03125,-0.015625,1.0
8618,5386.25,-0.046875,-0.0234375,1.0078125
8619,5386.875,-0.0234375,-0.0390625,0.984375
8620,5387.5,0.0,-0.046875,1.0
8621,5388.125,-0.015625,-0.015625,1.0
8622,5388.75,0.0,-0.03125,0.9921875
8623,5389.375,0.0,-0.0234375,1.0
8624,5390.0,-0.0234375,-0.0390625,0.9921875
8625,5390.625,-0.03125,-0.0234375,0.9921875
8626,5391.25,-0.03125,-0.015625,0.9921875
8627,5391.875,-0.0546875,0.0,0.984375
8628,5392.5,-0.03125,-0.03125,0.9921875
8629,5393.125,-0.0234375,-0.0234375,1.0
8630,5393.75,-0.0234375,0.0,1.0
8631,5394.375,-0.03125,-0.0234375,1.0
8632,5395.0,-0.0390625,0.0,1.0
8633,5395.625,-0.015625,-0.03125,1.0
8634,5396.25,-0.0390625,0.0,1.0
8635,5396.875,-0.03125,0.0,0.9765625
8636,5397.5,-0.0390625,0.0,1.0
8637,5398.125,-0.03125,0.0,1.0
8638,5398.75,-0.046875,0.0,1.0
8639,5399.375,-0.0234375,-0.03125,1.0
8640,5400.0,-0.0234375,-0.0390625,0.9921875
8641,5400.625,-0.03125,-0.0234375,0.9921875
8642,5401.25,-0.03125,-0.015625,0.9921875
8643,5401.875,-0.0390625,-0.0234375,0.984375
8644,5402.5,-0.0234375,-0.03125,0.9921875
8645,5403.125,-0.0390625,0.0,1.0
8646,5403.75,-0.046875,-0.0390625,0.984375
8647,5404.375,-0.0234375,-0.0234375,1.0
8648,5405.0,-0.0234375,-0.0234375,1.0
8649,5405.625,-0.03125,0.0,1.0
8650,5406.25,-0.03125,0.0,1.0
8651,5406.875,-0.015625,-0.015625,1.0078125
8652,5407.5,-0.0234375,-0.03125,1.0078125
8653,5408.125,-0.0234375,-0.03125,1.0
8654,5408.75,-0.0390625,0.0,0.984375
8655,5409.375,-0.015625,-0.03125,1.0
8656,5410.0,-0.03125,-0.015625,1.0
8657,5410.625,0.0,-0.0234375,1.0
8658,5411.25,-0.015625,0.0,1.0
8659,5411.875,-0.0234375,-0.015625,1.0
8660,5412.5,-0.015625,-0.015625,1.0
8661,5413.125,-0.03125,-0.015625,1.0
8662,5413.75,-0.03125,-0.03125,0.9921875
8663,5414.375,-0.0234375,0.0,1.0
8664,5415.0,-0.03125,-0.015625,1.015625
8665,5415.625,-0.015625,-0.015625,1.0078125
8666,5416.25,-0.015625,-0.0390625,0.9921875
8667,5416.875,-0.0234375,-0.0234375,0.9921875
8668,5417.5,-0.015625,0.0,1.0
8669,5418.125,-0.015625,0.0,1.0234375
8670,5418.75,0.0,-0.046875,1.0078125
8671,5419.375,-0.015625,0.0,1.0234375
8672,5420.0,0.0,-0.046875,0.9921875
8673,5420.625,0.0,-0.0234375,1.0
8674,5421.25,-0.03125,-0.0234375,1.0078125
8675,5421.875,0.0,-0.03125,1.0
8676,5422.5,-0.0234375,-0.03125,1.0078125
8677,5423.125,-0.015625,0.0,1.0
8678,5423.75,0.0,-0.0234375,0.9921875
8679,5424.375,-0.015625,-0.015625,1.0
8680,5425.0,-0.0390625,0.0,0.9921875
8681,5425.625,0.0,-0.0390625,1.0
8682,5426.25,0.0,-0.0390625,1.0
8683,5426.875,-0.03125,-0.015625,1.0
8684,5427.5,-0.015625,-0.015625,1.0234375
8685,5428.125,-0.0390625,-0.015625,1.0
8686,5428.75,-0.03125,-0.0234375,1.0
8687,5429.375,-0.03125,-0.0234375,1.0
8688,5430.0,0.0,0.0,1.0
8689,5430.625,-0.015625,-0.0234375,1.0078125
8690,5431.25,-0.015625,-0.03125,1.0078125
8691,5431.875,-0.0390625,0.0,1.015625
8692,5432.5,-0.03125,0.0,0.9921875
8693,5433.125,-0.03125,-0.015625,1.0
8694,5433.75,-0.03125,0.0,1.015625
8695,5434.375,-0.03125,-0.03125,1.0078125
8696,5435.0,-0.0234375,-0.0390625,0.9921875
8697,5435.625,-0.0234375,-0.03125,1.0
8698,5436.25,-0.015625,-0.0234375,1.0
8699,5436.875,-0.0390625,-0.015625,1.0234375
8700,5437.5,-0.0390625,-0.03125,1.0
8701,5438.125,-0.03125,-0.03125,1.0078125
8702,5438.75,-0.03125,-0.03125,1.0
8703,5439.375,-0.015625,-0.015625,1.0
8704,5440.0,0.0,-0.015625,1.0
8705,5440.625,-0.03125,-0.03125,1.0
8706,5441.25,-0.03125,-0.015625,1.0078125
8707,5441.875,-0.0234375,-0.03125,1.0
8708,5442.5,-0.0390625,-0.0234375,1.0
8709,5443.125,0.0,-0.0546875,1.0
8710,5443.75,-0.0234375,0.0,1.0
8711,5444.375,0.0,-0.0234375,1.0
8712,5445.0,-0.03125,-0.0234375,1.0
8713,5445.625,0.0,-0.0546875,0.9921875
8714,5446.25,-0.0234375,0.0,1.0
8715,5446.875,0.0,-0.0390625,1.0
8716,5447.5,-0.015625,-0.0234375,0.9765625
8717,5448.125,-0.0390625,0.0,1.0
8718,5448.75,-0.015625,-0.0390625,0.984375
8719,5449.375,-0.0234375,-0.0390625,1.0
8720,5450.0,-0.015625,0.0,1.0
8721,5450.625,-0.015625,-0.03125,1.0
8722,5451.25,-0.03125,0.0,1.0
8723,5451.875,-0.015625,-0.0234375,1.0
8724,5452.5,-0.0234375,-0.0234375,0.9921875
8725,5453.125,-0.015625,-0.03125,0.9921875
8726,5453.75,0.0,-0.0234375,1.0
8727,5454.375,-0.015625,0.0,1.0
8728,5455.0,-0.0234375,-0.015625,0.9921875
8729,5455.625,-0.015625,-0.03125,1.0
8730,5456.25,-0.015625,0.0,1.0234375
8731,5456.875,-0.0234375,-0.03125,0.984375
8732,5457.5,-0.0234375,0.0,1.0
8733,5458.125,0.0,-0.0234375,1.0
8734,5458.75,0.0,-0.0234375,0.9921875
8735,5459.375,-0.046875,0.0,1.0
8736,5460.0,-0.03125,0.0,1.0
8737,5460.625,-0.015625,-0.015625,1.0
8738,5461.25,-0.03125,-0.0234375,0.9921875
8739,5461.875,0.0,-0.03125,1.0
8740,5462.5,-0.03125,-0.03125,1.0234375
8741,5463.125,-0.015625,-0.0234375,1.0
8742,5463.75,-0.03125,-0.0234375,0.984375
8743,5464.375,0.0,-0.03125,1.0
8744,5465.0,0.0,-0.015625,1.0
8745,5465.625,-0.015625,-0.03125,1.0
8746,5466.25,0.0,-0.015625,1.0
8747,5466.875,0.0,-0.0390625,1.015625
8748,5467.5,-0.0234375,-0.0390625,1.0
8749,5468.125,0.0,-0.0390625,0.984375
8750,5468.75,-0.015625,-0.015625,1.015625
8751,5469.375,-0.015625,-0.015625,1.0
8752,5470.0,0.0,-0.0390625,1.0
8753,5470.625,-0.03125,-0.015625,1.0
8754,5471.25,0.0,-0.0546875,1.0078125
8755,5471.875,-0.03125,-0.0390625,0.984375
8756,5472.5,-0.015625,-0.0234375,1.0
8757,5473.125,-0.0234375,-0.015625,1.0078125
8758,5473.75,-0.0234375,-0.0390625,1.0078125
8759,5474.375,0.0,-0.03125,1.0078125
8760,5475.0,-0.0390625,-0.03125,1.015625
8761,5475.625,-0.0390625,-0.0234375,1.0
8762,5476.25,-0.0234375,-0.03125,1.0
8763,5476.875,-0.03125,-0.0546875,1.0078125
8764,5477.5,0.0,-0.0234375,1.0
8765,5478.125,-0.0390625,0.0,1.0
8766,5478.75,-0.015625,-0.03125,1.0234375
8767,5479.375,-0.03125,-0.046875,1.0
8768,5480.0,-0.015625,-0.03125,1.0
8769,5480.625,0.0,-0.0390625,1.0078125
8770,5481.25,-0.03125,0.0,1.015625
8771,5481.875,-0.03125,-0.0234375,1.0234375
8772,5482.5,-0.03125,-0.0390625,1.015625
8773,5483.125,-0.03125,-0.015625,1.0
8774,5483.75,0.0,-0.03125,1.015625
8775,5484.375,-0.03125,-0.015625,0.984375
8776,5485.0,-0.015625,-0.0234375,1.0
8777,5485.625,-0.015625,-0.03125,1.0
8778,5486.25,0.0,-0.03125,1.0
8779,5486.875,-0.03125,-0.015625,0.984375
8780,5487.5,-0.03125,-0.0234375,1.0
8781,5488.125,-0.0234375,-0.03125,1.0
8782,5488.75,-0.0390625,0.0,1.0234375
8783,5489.375,0.0,-0.0390625,1.0
8784,5490.0,0.0,-0.0234375,1.0234375
8785,5490.625,-0.03125,0.0,0.9921875
8786,5491.25,0.0,-0.0390625,1.015625
8787,5491.875,0.0,-0.0234375,1.0234375
8788,5492.5,-0.03125,0.0,0.9921875
8789,5493.125,0.0,-0.015625,1.0
8790,5493.75,-0.03125,-0.03125,1.0
8791,5494.375,0.0,-0.0390625,1.0
8792,5495.0,-0.03125,-0.03125,1.0
8793,5495.625,-0.03125,0.0,1.0078125
8794,5496.25,-0.0234375,0.0,1.0234375
8795,5496.875,-0.0234375,-0.03125,1.0078125
8796,5497.5,-0.015625,-0.03125,0.9921875
8797,5498.125,0.0,-0.0234375,1.0
8798,5498.75,0.0,-0.0234375,1.0078125
8799,5499.375,0.0,-0.03125,1.0
8800,5500.0,-0.015625,-0.03125,1.0
8801,5500.625,0.0,0.0,1.0
8802,5501.25,0.0,0.0,1.0
8803,5501.875,0.0,0.0,1.0
8804,5502.5,-0.015625,-0.015625,1.0
8805,5503.125,-0.015625,0.0,1.0078125
8806,5503.75,-0.03125,-0.03125,1.0
8807,5504.375,-0.015625,-0.0390625,1.0
8808,5505.0,0.0,0.0,1.0
8809,5505.625,-0.015625,-0.046875,1.0078125
8810,5506.25,0.0,-0.03125,1.0078125
8811,5506.875,-0.0234375,-0.03125,1.0
8812,5507.5,-0.015625,-0.0234375,1.0
8813,5508.125,-0.015625,-0.03125,1.0
8814,5508.75,-0.0390625,-0.015625,1.0
8815,5509.375,-0.03125,-0.03125,1.015625
8816,5510.0,-0.0234375,-0.03125,1.0
8817,5510.625,-0.0234375,-0.0234375,1.0078125
8818,5511.25,-0.0234375,-0.03125,0.9921875
8819,5511.875,0.0,-0.0390625,1.0
8820,5512.5,-0.0390625,-0.015625,1.0
8821,5513.125,-0.015625,-0.0390625,0.9921875
8822,5513.75,-0.0390625,-0.015625,0.984375
8823,5514.375,-0.03125,-0.0234375,0.9921875
8824,5515.0,-0.03125,-0.0234375,1.0
8825,5515.625,-0.03125,-0.0234375,1.0078125
8826,5516.25,-0.03125,-0.0390625,1.0078125
8827,5516.875,-0.0234375,-0.03125,0.9921875
8828,5517.5,-0.0390625,-0.0234375,1.0078125
8829,5518.125,-0.0234375,-0.0390625,1.0
8830,5518.75,-0.03125,-0.03125,1.0
8831,5519.375,-0.0546875,-0.015625,1.0
8832,5520.0,-0.015625,-0.046875,0.984375
8833,5520.625,-0.0234375,-0.0234375,1.0
8834,5521.25,-0.0234375,-0.03125,1.0
8835,5521.875,-0.03125,-0.03125,1.0
8836,5522.5,-0.0234375,-0.046875,1.0078125
8837,5523.125,0.0,-0.0234375,1.0
8838,5523.75,0.0,-0.03125,1.0
8839,5524.375,-0.0234375,-0.0234375,1.0
8840,5525.0,-0.015625,-0.03125,0.9921875
8841,5525.625,-0.0390625,-0.0390625,1.0
8842,5526.25,-0.0390625,-0.0234375,1.0
8843,5526.875,0.0,-0.0234375,1.0
8844,5527.5,-0.015625,-0.0390625,1.0078125
8845,5528.125,-0.015625,-0.03125,0.9921875
8846,5528.75,0.0,-0.03125,1.0
8847,5529.375,-0.0234375,-0.046875,1.0
8848,5530.0,-0.03125,-0.03125,0.9921875
8849,5530.625,-0.03125,-0.0234375,1.0
8850,5531.25,-0.03125,-0.0234375,1.0
8851,5531.875,-0.0234375,-0.015625,1.0
8852,5532.5,0.0,-0.03125,1.0
8853,5533.125,-0.015625,-0.015625,1.0
8854,5533.75,-0.0234375,-0.0390625,1.0
8855,5534.375,-0.03125,-0.0234375,1.0
8856,5535.0,0.0,-0.046875,1.0078125
8857,5535.625,-0.0234375,-0.03125,1.0
8858,5536.25,0.0,-0.0390625,1.0
8859,5536.875,-0.03125,0.0,1.0
8860,5537.5,0.0,-0.03125,1.0
8861,5538.125,-0.03125,-0.03125,1.0
8862,5538.75,-0.03125,-0.03125,1.0078125
8863,5539.375,-0.03125,-0.0234375,1.0
8864,5540.0,-0.015625,-0.0234375,1.0
8865,5540.625,-0.0234375,-0.015625,1.0
8866,5541.25,0.0,-0.0546875,1.0
8867,5541.875,-0.03125,0.0,1.0078125
8868,5542.5,-0.015625,-0.0234375,1.0078125
8869,5543.125,-0.0234375,-0.0390625,1.015625
8870,5543.75,-0.015625,-0.03125,1.0078125
8871,5544.375,-0.0390625,-0.03125,1.0
8872,5545.0,-0.03125,-0.03125,1.0
8873,5545.625,-0.0234375,-0.0234375,1.0078125
8874,5546.25,-0.015625,-0.0234375,1.0
8875,5546.875,0.0,-0.0546875,1.0
8876,5547.5,-0.03125,0.0,1.0234375
8877,5548.125,-0.03125,-0.0234375,0.9921875
8878,5548.75,0.0,-0.0390625,1.015625
8879,5549.375,-0.0390625,-0.03125,1.0
8880,5550.0,-0.015625,-0.03125,1.015625
8881,5550.625,-0.0390625,-0.0390625,1.0078125
8882,5551.25,-0.015625,-0.03125,1.0
8883,5551.875,-0.0390625,-0.015625,1.0
8884,5552.5,-0.03125,-0.03125,1.0078125
8885,5553.125,-0.03125,-0.0234375,1.0
8886,5553.75,-0.0234375,-0.0390625,1.0
8887,5554.375,0.0,-0.0390625,0.9921875
8888,5555.0,-0.015625,-0.0546875,1.0
8889,5555.625,-0.0234375,-0.0234375,1.0
8890,5556.25,-0.03125,0.0,1.0
8891,5556.875,-0.03125,0.0,1.0078125
8892,5557.5,-0.03125,-0.0390625,1.0
8893,5558.125,0.0,-0.03125,1.0
8894,5558.75,-0.046875,-0.0390625,1.015625
8895,5559.375,0.0,-0.0390625,1.0078125
8896,5560.0,0.0,-0.0390625,0.9921875
8897,5560.625,-0.0234375,-0.03125,1.0078125
8898,5561.25,-0.03125,-0.03125,1.0
8899,5561.875,-0.0234375,-0.03125,1.0
8900,5562.5,-0.03125,-0.03125,1.0078125
8901,5563.125,-0.03125,-0.0546875,0.9921875
8902,5563.75,-0.0234375,-0.0546875,1.0
8903,5564.375,-0.03125,-0.03125,1.0
8904,5565.0,-0.0234375,-0.0390625,0.9921875
8905,5565.625,-0.03125,-0.0234375,1.0
8906,5566.25,0.0,-0.0390625,1.0
8907,5566.875,-0.0390625,-0.046875,1.0
8908,5567.5,-0.0390625,-0.03125,1.0234375
8909,5568.125,-0.03125,0.0,1.015625
8910,5568.75,-0.0390625,-0.046875,1.0
8911,5569.375,-0.03125,-0.0234375,1.0
8912,5570.0,-0.015625,-0.0234375,1.0
8913,5570.625,-0.0546875,0.0,1.0
8914,5571.25,-0.03125,-0.03125,0.984375
8915,5571.875,-0.0234375,-0.0390625,0.9921875
8916,5572.5,-0.0390625,-0.03125,1.015625
8917,5573.125,-0.03125,-0.0390625,0.984375
8918,5573.75,-0.0234375,-0.03125,1.0
8919,5574.375,-0.03125,-0.0234375,0.9921875
8920,5575.0,-0.015625,-0.0546875,1.0
8921,5575.625,-0.0234375,-0.0390625,1.0
8922,5576.25,-0.046875,-0.03125,1.0
8923,5576.875,-0.03125,-0.0234375,1.0
8924,5577.5,-0.03125,-0.015625,0.984375
8925,5578.125,-0.03125,-0.0390625,0.96875
8926,5578.75,-0.03125,-0.03125,1.0
8927,5579.375,-0.046875,-0.0234375,0.9765625
8928,5580.0,-0.03125,-0.046875,1.0
8929,5580.625,-0.0390625,-0.03125,0.984375
8930,5581.25,-0.0234375,-0.046875,1.0
8931,5581.875,-0.0390625,0.0,1.0
8932,5582.5,-0.0234375,-0.0390625,1.0
8933,5583.125,-0.0390625,-0.03125,1.0
8934,5583.75,-0.0234375,-0.03125,1.0
8935,5584.375,-0.03125,-0.0234375,1.0078125
8936,5585.0,-0.0234375,-0.0546875,1.0078125
8937,5585.625,-0.0390625,-0.0546875,0.984375
8938,5586.25,-0.0390625,-0.03125,1.0078125
8939,5586.875,-0.03125,-0.03125,1.0
8940,5587.5,-0.0234375,-0.03125,1.0
8941,5588.125,-0.03125,-0.03125,1.0
8942,5588.75,-0.0234375,-0.0390625,1.0
8943,5589.375,-0.0234375,-0.0390625,0.984375
8944,5590.0,0.0,-0.0546875,1.0
8945,5590.625,-0.03125,-0.03125,0.984375
8946,5591.25,-0.046875,-0.0234375,1.0
8947,5591.875,-0.03125,-0.0234375,0.9921875
8948,5592.5,-0.03125,-0.046875,1.0
8949,5593.125,-0.0234375,-0.046875,1.0
8950,5593.75,-0.0390625,-0.0234375,1.0
8951,5594.375,-0.0390625,-0.03125,0.9921875
8952,5595.0,-0.046875,-0.0390625,0.9765625
8953,5595.625,-0.0390625,-0.03125,0.9921875
8954,5596.25,0.0,-0.046875,0.984375
8955,5596.875,-0.0390625,-0.03125,0.984375
8956,5597.5,-0.0390625,-0.0390625,0.96875
8957,5598.125,-0.0234375,-0.0390625,1.0
8958,5598.75,-0.03125,-0.046875,0.9921875
8959,5599.375,-0.015625,-0.0625,0.9921875
8960,5600.0,-0.03125,-0.046875,1.0
8961,5600.625,-0.0390625,-0.03125,0.9921875
8962,5601.25,-0.046875,-0.015625,0.9921875
8963,5601.875,-0.03125,-0.0390625,0.984375
8964,5602.5,-0.03125,-0.0234375,1.0078125
8965,5603.125,-0.03125,-0.03125,1.0
8966,5603.75,-0.046875,-0.03125,0.9921875
8967,5604.375,-0.0625,-0.03125,1.0
8968,5605.0,-0.046875,-0.03125,1.015625
8969,5605.625,-0.0625,-0.03125,0.9921875
8970,5606.25,-0.0546875,-0.0390625,1.0
8971,5606.875,-0.0625,-0.0546875,1.0
8972,5607.5,-0.046875,-0.046875,0.984375
8973,5608.125,-0.0390625,-0.046875,0.9921875
8974,5608.75,-0.046875,-0.0234375,0.984375
8975,5609.375,-0.0390625,-0.0390625,1.0
8976,5610.0,-0.046875,-0.03125,1.0
8977,5610.625,-0.0625,-0.03125,0.9921875
8978,5611.25,-0.03125,-0.0625,0.9921875
8979,5611.875,-0.0390625,-0.046875,1.0
8980,5612.5,-0.046875,-0.0234375,0.9765625
8981,5613.125,-0.046875,-0.0390625,0.9921875
8982,5613.75,-0.0546875,-0.0390625,0.9921875
8983,5614.375,-0.0625,-0.015625,1.0
8984,5615.0,-0.0625,-0.0234375,1.0
8985,5615.625,-0.0546875,-0.0234375,0.9921875
8986,5616.25,-0.046875,-0.0390625,1.0
8987,5616.875,-0.046875,-0.0234375,1.0
8988,5617.5,-0.0390625,-0.03125,0.984375
8989,5618.125,-0.0390625,-0.046875,1.0
8990,5618.75,-0.046875,-0.0234375,1.0078125
8991,5619.375,-0.03125,-0.046875,1.0
8992,5620.0,-0.015625,-0.03125,1.0
8993,5620.625,-0.015625,-0.046875,1.0078125
8994,5621.25,-0.046875,-0.0234375,1.0
8995,5621.875,-0.046875,0.0,0.9921875
8996,5622.5,-0.0546875,-0.0234375,1.0
8997,5623.125,-0.0546875,-0.03125,1.0
8998,5623.75,-0.0625,-0.0234375,0.9921875
8999,5624.375,-0.0546875,-0.03125,0.9765625
9000,5625.0,-0.046875,-0.0234375,1.0
9001,5625.625,-0.046875,-0.0234375,0.984375
9002,5626.25,-0.0390625,-0.0390625,0.9921875
9003,5626.875,-0.0625,0.0,0.9921875
9004,5627.5,-0.0390625,-0.03125,1.0078125
9005,5628.125,-0.0546875,-0.0390625,1.0078125
9006,5628.75,-0.0546875,-0.0234375,0.984375
9007,5629.375,-0.046875,-0.015625,1.0
9008,5630.0,-0.046875,-0.0390625,1.0
9009,5630.625,-0.0546875,-0.046875,0.9765625
9010,5631.25,-0.0625,-0.0234375,1.0
9011,5631.875,-0.03125,-0.046875,1.0
9012,5632.5,-0.0546875,-0.015625,0.984375
9013,5633.125,-0.046875,-0.03125,1.0078125
9014,5633.75,-0.015625,-0.0390625,1.0
9015,5634.375,-0.03125,-0.0546875,1.0
9016,5635.0,-0.03125,-0.03125,0.9921875
9017,5635.625,-0.03125,-0.0390625,0.9921875
9018,5636.25,-0.0390625,-0.0234375,0.9921875
9019,5636.875,-0.0234375,-0.046875,1.0
9020,5637.5,-0.03125,-0.0546875,0.984375
9021,5638.125,-0.0234375,-0.03125,0.984375
9022,5638.75,-0.03125,-0.046875,0.9765625
9023,5639.375,-0.03125,-0.0390625,0.9765625
9024,5640.0,-0.03125,-0.03125,1.0
9025,5640.625,0.0,-0.0546875,0.984375
9026,5641.25,-0.0390625,-0.0390625,0.9921875
9027,5641.875,-0.046875,-0.03125,1.0
9028,5642.5,-0.0234375,-0.03125,0.984375
9029,5643.125,-0.046875,-0.0234375,1.0
9030,5643.75,-0.0546875,-0.03125,1.0
9031,5644.375,-0.0390625,-0.0390625,1.0078125
9032,5645.0,-0.046875,-0.046875,1.0
9033,5645.625,-0.03125,-0.046875,1.0
9034,5646.25,-0.03125,-0.03125,1.0
9035,5646.875,-0.0390625,-0.0234375,1.0
9036,5647.5,-0.03125,-0.03125,1.0
9037,5648.125,-0.0390625,-0.03125,0.9921875
9038,5648.75,-0.046875,-0.0390625,0.9921875
9039,5649.375,-0.0546875,-0.03125,0.96875
9040,5650.0,-0.03125,-0.0390625,0.984375
9041,5650.625,-0.0390625,-0.0390625,0.96875
9042,5651.25,-0.0546875,-0.0234375,1.0
9043,5651.875,-0.03125,-0.0546875,0.984375
9044,5652.5,-0.03125,-0.0546875,1.0
9045,5653.125,-0.03125,-0.0234375,1.0
9046,5653.75,0.0,-0.0390625,1.0
9047,5654.375,-0.015625,-0.0390625,1.0
9048,5655.0,-0.03125,-0.0234375,1.0
9049,5655.625,-0.015625,-0.0546875,0.984375
9050,5656.25,-0.0234375,-0.0390625,1.0
9051,5656.875,-0.015625,-0.0390625,0.9921875
9052,5657.5,-0.015625,-0.0390625,1.0
9053,5658.125,-0.0234375,-0.03125,1.0078125
9054,5658.75,-0.03125,-0.0390625,1.0
9055,5659.375,-0.0390625,-0.046875,0.9765625
9056,5660.0,-0.0390625,-0.046875,0.984375
9057,5660.625,-0.0390625,-0.0546875,1.0
9058,5661.25,-0.046875,-0.0234375,1.0
9059,5661.875,-0.0390625,-0.046875,1.0
9060,5662.5,0.0,-0.046875,0.9921875
9061,5663.125,-0.015625,-0.0546875,1.0
9062,5663.75,-0.0390625,-0.046875,0.9921875
9063,5664.375,-0.0390625,-0.0390625,1.0
9064,5665.0,-0.03125,-0.0234375,1.0
9065,5665.625,-0.0546875,-0.03125,0.984375
9066,5666.25,-0.0234375,-0.0390625,0.9765625
9067,5666.875,-0.0234375,-0.0546875,1.0
9068,5667.5,-0.0234375,-0.03125,1.0
9069,5668.125,-0.0390625,-0.0234375,0.9921875
9070,5668.75,-0.015625,-0.0390625,1.015625
9071,5669.375,-0.0546875,-0.015625,1.015625
9072,5670.0,-0.03125,-0.03125,1.0
9073,5670.625,-0.03125,-0.046875,1.0
9074,5671.25,-0.03125,-0.0390625,0.9921875
9075,5671.875,-0.0234375,-0.0546875,1.0
9076,5672.5,-0.015625,-0.0390625,0.9921875
9077,5673.125,-0.03125,-0.03125,1.0
9078,5673.75,-0.0390625,-0.03125,1.0
9079,5674.375,-0.03125,-0.03125,1.0078125
9080,5675.0,-0.0390625,-0.0390625,1.0
9081,5675.625,0.0,-0.046875,1.0078125
9082,5676.25,-0.046875,-0.0390625,1.0
9083,5676.875,-0.0234375,-0.046875,0.9921875
9084,5677.5,-0.03125,-0.046875,1.0
9085,5678.125,-0.0390625,-0.0390625,1.0
9086,5678.75,-0.0546875,-0.0390625,0.9765625
9087,5679.375,-0.015625,-0.0390625,1.0
9088,5680.0,-0.03125,-0.046875,1.0
9089,5680.625,-0.03125,-0.0390625,1.0
9090,5681.25,-0.046875,-0.03125,1.0078125
9091,5681.875,-0.03125,-0.0546875,1.0
9092,5682.5,-0.03125,-0.0390625,1.0
9093,5683.125,-0.0390625,-0.03125,0.984375
9094,5683.75,-0.015625,-0.0390625,0.9921875
9095,5684.375,-0.03125,-0.0234375,1.0
9096,5685.0,-0.0546875,-0.046875,1.0
9097,5685.625,-0.046875,-0.0546875,0.984375
9098,5686.25,-0.0390625,-0.03125,0.9921875
9099,5686.875,-0.03125,-0.03125,1.0
9100,5687.5,-0.046875,-0.0390625,1.0
9101,5688.125,-0.046875,-0.0625,1.0
9102,5688.75,-0.03125,-0.0546875,0.9921875
9103,5689.375,-0.0390625,-0.0390625,1.015625
9104,5690.0,-0.0390625,-0.0390625,1.0234375
9105,5690.625,-0.046875,-0.03125,1.0
9106,5691.25,-0.0390625,-0.046875,1.03125
9107,5691.875,-0.046875,-0.0546875,0.9921875
9108,5692.5,-0.0625,-0.0234375,0.9921875
9109,5693.125,-0.046875,-0.03125,1.0
9110,5693.75,-0.0546875,-0.03125,1.0078125
9111,5694.375,-0.0390625,-0.0546875,1.0
9112,5695.0,-0.0390625,-0.0390625,1.0
9113,5695.625,-0.0234375,-0.0546875,1.0078125
9114,5696.25,-0.0390625,-0.03125,1.0
9115,5696.875,-0.03125,-0.046875,0.9921875
9116,5697.5,-0.0390625,-0.0546875,1.015625
9117,5698.125,-0.0546875,-0.03125,1.0
9118,5698.75,-0.03125,-0.046875,1.0
9119,5699.375,-0.0546875,-0.0390625,1.0
9120,5700.0,-0.046875,-0.0234375,1.0
9121,5700.625,-0.03125,-0.0546875,1.0
9122,5701.25,-0.015625,-0.0390625,1.0
9123,5701.875,-0.03125,-0.03125,1.0
9124,5702.5,-0.03125,-0.03125,0.9921875
9125,5703.125,-0.03125,-0.0390625,0.984375
9126,5703.75,-0.046875,-0.0234375,1.0
9127,5704.375,-0.0390625,-0.0390625,1.0
9128,5705.0,-0.0390625,-0.0390625,1.0
9129,5705.625,-0.046875,-0.046875,0.9921875
9130,5706.25,-0.0390625,-0.03125,0.9921875
9131,5706.875,-0.03125,-0.0546875,1.0
9132,5707.5,-0.0390625,-0.0234375,0.9921875
9133,5708.125,-0.0390625,-0.0390625,1.0
9134,5708.75,-0.03125,-0.03125,1.0
9135,5709.375,-0.0234375,-0.0546875,1.0
9136,5710.0,-0.03125,-0.0390625,0.9765625
9137,5710.625,-0.03125,-0.0390625,0.984375
9138,5711.25,-0.046875,-0.03125,0.9765625
9139,5711.875,-0.03125,-0.03125,1.0
9140,5712.5,-0.0390625,-0.0390625,1.0
9141,5713.125,-0.0390625,-0.0546875,0.96875
9142,5713.75,-0.03125,-0.046875,0.984375
9143,5714.375,-0.0546875,-0.03125,1.0
9144,5715.0,-0.046875,-0.046875,1.0
9145,5715.625,-0.0390625,-0.03125,1.015625
9146,5716.25,-0.015625,-0.0390625,1.0
9147,5716.875,-0.0234375,-0.0390625,1.0078125
9148,5717.5,-0.03125,-0.0390625,0.9921875
9149,5718.125,-0.0390625,-0.046875,0.984375
9150,5718.75,-0.0390625,-0.0390625,1.0
9151,5719.375,-0.0390625,-0.046875,0.9921875
9152,5720.0,0.0,-0.0390625,1.0
9153,5720.625,0.0,-0.046875,0.984375
9154,5721.25,-0.015625,-0.0390625,0.9765625
9155,5721.875,-0.03125,-0.046875,0.9765625
9156,5722.5,-0.015625,-0.046875,1.0
9157,5723.125,-0.046875,-0.0390625,0.984375
9158,5723.75,-0.0390625,-0.03125,0.9921875
9159,5724.375,-0.0234375,-0.046875,0.9921875
9160,5725.0,-0.0234375,-0.0625,0.9921875
9161,5725.625,-0.03125,-0.0625,1.0
9162,5726.25,-0.03125,-0.0625,1.0
9163,5726.875,-0.03125,-0.046875,1.0
9164,5727.5,-0.0234375,-0.0390625,1.0
9165,5728.125,-0.0390625,-0.0390625,1.0
9166,5728.75,-0.0390625,-0.03125,1.0078125
9167,5729.375,-0.03125,-0.03125,0.984375
9168,5730.0,-0.046875,-0.0234375,0.984375
9169,5730.625,-0.03125,-0.0234375,0.984375
9170,5731.25,-0.0234375,-0.0546875,1.0
9171,5731.875,-0.0234375,-0.046875,0.984375
9172,5732.5,-0.015625,-0.0546875,1.0
9173,5733.125,-0.015625,-0.046875,1.0
9174,5733.75,-0.0234375,-0.0625,1.0078125
9175,5734.375,-0.0390625,-0.03125,1.0
9176,5735.0,-0.0234375,-0.0390625,1.0078125
9177,5735.625,-0.0234375,-0.0390625,1.0
9178,5736.25,-0.0390625,-0.0546875,1.0
9179,5736.875,0.0,-0.03125,0.984375
9180,5737.5,-0.03125,-0.0390625,1.0
9181,5738.125,-0.0390625,-0.03125,0.9921875
9182,5738.75,-0.03125,-0.015625,1.0
9183,5739.375,0.0,-0.0390625,0.9921875
9184,5740.0,-0.015625,-0.03125,1.0078125
9185,5740.625,0.0,-0.046875,0.9921875
9186,5741.25,-0.0390625,-0.0390625,0.9921875
9187,5741.875,-0.046875,-0.0390625,1.0
9188,5742.5,-0.03125,-0.0234375,1.0
9189,5743.125,-0.0546875,-0.03125,1.0
9190,5743.75,-0.046875,-0.015625,0.9921875
9191,5744.375,-0.0390625,-0.0390625,1.0
9192,5745.0,-0.015625,-0.046875,1.0
9193,5745.625,-0.0546875,-0.0234375,1.0
9194,5746.25,0.0,-0.0390625,1.0
9195,5746.875,-0.015625,-0.046875,1.03125
9196,5747.5,-0.03125,-0.03125,1.03125
9197,5748.125,-0.03125,-0.046875,1.015625
9198,5748.75,-0.0546875,-0.0390625,1.0
9199,5749.375,-0.0390625,-0.03125,1.0
9200,5750.0,-0.0234375,-0.03125,0.9765625
9201,5750.625,0.0,-0.0390625,0.96875
9202,5751.25,-0.03125,-0.015625,1.0
9203,5751.875,-0.03125,-0.0234375,0.9921875
9204,5752.5,-0.046875,-0.015625,1.0
9205,5753.125,-0.03125,-0.0234375,1.0
9206,5753.75,-0.0390625,-0.03125,1.0
9207,5754.375,-0.03125,-0.0234375,1.0
9208,5755.0,-0.046875,-0.03125,1.0
9209,5755.625,-0.0390625,-0.03125,1.0078125
9210,5756.25,-0.0390625,-0.0234375,1.0
9211,5756.875,-0.0390625,-0.03125,1.0
9212,5757.5,-0.0390625,-0.03125,1.0
9213,5758.125,-0.0390625,-0.03125,1.0078125
9214,5758.75,-0.015625,-0.0234375,1.0
9215,5759.375,-0.0234375,-0.03125,1.0
